1 0.1 0.72578125 0.05625 0.078125
1 0.1328125 0.671875 0.034375 0.0765625
1 0.01953125 0.7921875 0.0390625 0.084375
1 0.04296875 0.72890625 0.0421875 0.065625
1 0.265625 0.575 0.034375 0.0703125
1 0.2 0.6765625 0.0578125 0.0796875
1 0.2875 0.52578125 0.028125 0.0421875
1 0.26640625 0.5296875 0.0328125 0.059375
1 0.215625 0.63828125 0.034375 0.0640625
1 0.89453125 0.26015625 0.0640625 0.1125
1 0.95625 0.20703125 0.0453125 0.0921875
1 0.846875 0.27578125 0.0515625 0.1265625
1 0.93359375 0.234375 0.0421875 0.096875
1 0.7296875 0.3390625 0.05 0.109375
1 0.56875 0.47421875 0.053125 0.0921875
1 0.521875 0.4109375 0.034375 0.0671875
1 0.75625 0.36015625 0.0515625 0.065625
1 0.7 0.32890625 0.0421875 0.0828125
1 0.496875 0.4140625 0.03125 0.059375
1 0.91796875 0.21796875 0.034375 0.0703125
1 0.87578125 0.25859375 0.0265625 0.0390625