1 0.08515625 0.69765625 0.0609375 0.0796875
1 0.121875 0.6453125 0.0390625 0.0765625
1 0.0109375 0.75703125 0.021875 0.0859375
1 0.028125 0.69609375 0.0453125 0.0671875
1 0.2609375 0.55859375 0.0390625 0.071875
1 0.18828125 0.6546875 0.0625 0.0828125
1 0.2859375 0.5109375 0.0296875 0.04375
1 0.26484375 0.51328125 0.0359375 0.059375
1 0.20625 0.61875 0.0375 0.065625
1 0.91015625 0.28828125 0.0703125 0.1140625
1 0.975 0.2390625 0.05 0.09375
1 0.86171875 0.3 0.059375 0.1265625
1 0.9515625 0.265625 0.0484375 0.096875
1 0.740625 0.35546875 0.0578125 0.109375
1 0.5703125 0.47890625 0.059375 0.09375
1 0.528125 0.4125 0.0390625 0.06875
1 0.765625 0.37890625 0.0546875 0.0671875
1 0.71171875 0.34296875 0.046875 0.0828125
1 0.503125 0.4140625 0.034375 0.0609375
1 0.93671875 0.2484375 0.0390625 0.071875
1 0.89140625 0.28515625 0.028125 0.040625