1 0.1453125 0.7921875 0.04375 0.071875
1 0.16796875 0.7328125 0.021875 0.0734375
1 0.071875 0.871875 0.0375 0.078125
1 0.08984375 0.8046875 0.03125 0.0609375
1 0.02578125 0.88828125 0.021875 0.078125
1 0.95625 0.09375 0.025 0.09375
1 0.28203125 0.61484375 0.0234375 0.06875
1 0.23515625 0.72578125 0.046875 0.0734375
1 0.975 0.09609375 0.034375 0.0875
1 0.2953125 0.5625 0.021875 0.0390625
1 0.275 0.56953125 0.0234375 0.05625
1 0.24375 0.6859375 0.025 0.0609375
1 0.846875 0.1953125 0.046875 0.10625
1 0.8984375 0.13203125 0.03125 0.0875
1 0.80234375 0.21875 0.03125 0.1234375
1 0.88125 0.16328125 0.025 0.09375
1 0.6984375 0.3015625 0.0328125 0.1046875
1 0.56328125 0.4625 0.0390625 0.0875
1 0.50625 0.40859375 0.0234375 0.065625
1 0.728125 0.31796875 0.0421875 0.059375
1 0.6671875 0.296875 0.028125 0.078125
1 0.48203125 0.415625 0.021875 0.05625
1 0.8625 0.15 0.021875 0.06875
1 0.828125 0.196875 0.0203125 0.0375