1 0.56640625 0.3625 0.03125 0.04375
1 0.259375 0.38671875 0.0234375 0.04375
1 0.178125 0.37265625 0.0328125 0.0484375
1 0.7296875 0.46171875 0.0234375 0.0359375
1 0.74609375 0.53046875 0.03125 0.046875
1 0.5875 0.3546875 0.0234375 0.0390625
1 0.30078125 0.39296875 0.0328125 0.05
1 0.76328125 0.45859375 0.0265625 0.0390625
1 0.0953125 0.309375 0.034375 0.0328125
1 0.62890625 0.40546875 0.034375 0.0390625
1 0.78671875 0.4625 0.025 0.0453125
1 0.5921875 0.425 0.0453125 0.0640625
1 0.81796875 0.4265625 0.0203125 0.0328125
1 0.684375 0.3859375 0.028125 0.0390625
1 0.55703125 0.39765625 0.0359375 0.0328125
1 0.99140625 0.47890625 0.0171875 0.0328125
1 0.23125 0.38359375 0.0359375 0.046875
1 0.759375 0.4078125 0.0203125 0.0375
1 0.50859375 0.3390625 0.0203125 0.0359375
1 0.65234375 0.37578125 0.0203125 0.0359375
1 0.6703125 0.45 0.0234375 0.034375
1 0.71640625 0.40625 0.028125 0.0375
1 0.52890625 0.42421875 0.040625 0.046875
1 0.0515625 0.3203125 0.053125 0.040625
1 0.46015625 0.4171875 0.021875 0.0390625
1 0.4890625 0.4203125 0.028125 0.04375
1 0.38515625 0.39609375 0.040625 0.04375
1 0.84609375 0.43515625 0.01875 0.0328125
1 0.1390625 0.2984375 0.04375 0.0609375
1 0.14296875 0.37421875 0.03125 0.0359375
1 0.34296875 0.39453125 0.034375 0.0546875
1 0.94375 0.46484375 0.0203125 0.034375
1 0.9078125 0.45625 0.021875 0.03125
1 0.871875 0.43984375 0.01875 0.0390625
1 0.31328125 0.31640625 0.04375 0.0421875
1 0.64140625 0.44453125 0.0265625 0.034375
1 0.49921875 0.42109375 0.0328125 0.0484375
1 0.79765625 0.42421875 0.021875 0.028125
1 0.54296875 0.3453125 0.01875 0.034375
1 0.38046875 0.315625 0.0203125 0.0390625
1 0.51640625 0.4234375 0.0375 0.05
1 0.24765625 0.2984375 0.0203125 0.034375
1 0.81796875 0.4703125 0.0265625 0.034375
1 0.48203125 0.3421875 0.0203125 0.025