1 0.58046875 0.3703125 0.028125 0.0421875
1 0.27265625 0.3625 0.0203125 0.0421875
1 0.19375 0.33984375 0.03125 0.046875
1 0.73203125 0.4859375 0.021875 0.034375
1 0.74140625 0.55546875 0.028125 0.0453125
1 0.60234375 0.3640625 0.0203125 0.0375
1 0.31328125 0.37265625 0.0296875 0.0484375
1 0.765625 0.48671875 0.0234375 0.0375
1 0.1171875 0.26796875 0.0328125 0.03125
1 0.63828125 0.41953125 0.0328125 0.0359375
1 0.7890625 0.4921875 0.021875 0.04375
1 0.59921875 0.43515625 0.040625 0.0609375
1 0.82421875 0.46015625 0.0171875 0.0328125
1 0.6953125 0.40546875 0.025 0.0375
1 0.5671875 0.40390625 0.0328125 0.0296875
1 0.99140625 0.53125 0.015625 0.03125
1 0.24453125 0.35625 0.0328125 0.04375
1 0.76796875 0.43515625 0.0171875 0.0375
1 0.52578125 0.34140625 0.01875 0.034375
1 0.6640625 0.39296875 0.01875 0.034375
1 0.675 0.46796875 0.0203125 0.0328125
1 0.725 0.4296875 0.0265625 0.0359375
1 0.53671875 0.428125 0.0375 0.04375
1 0.07265625 0.27421875 0.05 0.0375
1 0.46875 0.41328125 0.01875 0.0375
1 0.49765625 0.41953125 0.025 0.0421875
1 0.396875 0.38515625 0.0375 0.0421875
1 0.8515625 0.471875 0.0171875 0.0328125
1 0.16171875 0.26171875 0.040625 0.0578125
1 0.15859375 0.3375 0.0296875 0.0328125
1 0.35546875 0.37890625 0.03125 0.053125
1 0.9453125 0.51171875 0.01875 0.034375
1 0.91015625 0.49921875 0.01875 0.03125
1 0.8765625 0.47890625 0.015625 0.0390625
1 0.3328125 0.29765625 0.040625 0.0390625
1 0.646875 0.459375 0.0234375 0.0328125
1 0.5078125 0.42109375 0.0296875 0.0453125
1 0.80390625 0.45625 0.0203125 0.0265625
1 0.55859375 0.35078125 0.0171875 0.034375
1 0.4 0.3046875 0.0171875 0.0390625
1 0.52421875 0.42578125 0.034375 0.046875
1 0.2703125 0.2734375 0.01875 0.0328125
1 0.81953125 0.50390625 0.0234375 0.0328125
1 0.49921875 0.34140625 0.01875 0.0234375