1 0.56171875 0.36015625 0.0328125 0.0453125
1 0.25546875 0.3953125 0.025 0.04375
1 0.17421875 0.384375 0.034375 0.05
1 0.728125 0.45390625 0.025 0.0359375
1 0.746875 0.521875 0.0328125 0.0484375
1 0.5828125 0.3515625 0.0234375 0.0390625
1 0.296875 0.4 0.034375 0.0515625
1 0.76171875 0.45 0.028125 0.040625
1 0.0890625 0.3234375 0.0359375 0.034375
1 0.62578125 0.40078125 0.0359375 0.0390625
1 0.78515625 0.45234375 0.0265625 0.0453125
1 0.58984375 0.421875 0.046875 0.0640625
1 0.815625 0.415625 0.0203125 0.034375
1 0.68046875 0.3796875 0.028125 0.040625
1 0.553125 0.39609375 0.0359375 0.0328125
1 0.990625 0.46171875 0.01875 0.0328125
1 0.22734375 0.39375 0.0375 0.046875
1 0.75625 0.3984375 0.021875 0.0390625
1 0.503125 0.3390625 0.021875 0.0359375
1 0.64765625 0.37109375 0.021875 0.0359375
1 0.66875 0.44375 0.0234375 0.034375
1 0.7125 0.39921875 0.0296875 0.0390625
1 0.52578125 0.4234375 0.0421875 0.0484375
1 0.0453125 0.3359375 0.0546875 0.0421875
1 0.45703125 0.41875 0.0234375 0.0390625
1 0.4859375 0.4203125 0.0296875 0.0453125
1 0.38125 0.40078125 0.0421875 0.0453125
1 0.84375 0.4234375 0.0203125 0.034375
1 0.13203125 0.31171875 0.0453125 0.0609375
1 0.1390625 0.38671875 0.0328125 0.0359375
1 0.33984375 0.4 0.0359375 0.05625
1 0.9421875 0.44921875 0.021875 0.0359375
1 0.90625 0.4421875 0.021875 0.0328125
1 0.86953125 0.42734375 0.0203125 0.040625
1 0.30703125 0.32265625 0.0453125 0.0421875
1 0.63984375 0.43984375 0.0265625 0.0359375
1 0.496875 0.42109375 0.034375 0.0484375
1 0.79453125 0.4140625 0.021875 0.028125
1 0.5375 0.34453125 0.0203125 0.0359375
1 0.37421875 0.3203125 0.0203125 0.040625
1 0.51328125 0.42265625 0.0375 0.05
1 0.240625 0.3078125 0.021875 0.034375
1 0.8171875 0.459375 0.0265625 0.034375
1 0.4765625 0.34296875 0.0203125 0.025