1 0.4859375 0.1515625 0.11875 0.1375
1 0.2015625 0.20234375 0.11875 0.1765625
1 0.04296875 0.26015625 0.0859375 0.1328125
1 0.31484375 0.27578125 0.1265625 0.125
1 0.74765625 0.16171875 0.1078125 0.1421875
1 0.84453125 0.1953125 0.140625 0.128125
1 0.1046875 0.3015625 0.109375 0.1328125
1 0.428125 0.29296875 0.159375 0.209375
1 0.65859375 0.54296875 0.14375 0.140625
1 0.88671875 0.08046875 0.0671875 0.1015625
1 0.1625 0.375 0.1359375 0.1328125
1 0.8578125 0.28046875 0.128125 0.1484375
1 0.93046875 0.703125 0.1390625 0.1625
1 0.84765625 0.41953125 0.140625 0.13125
1 0.703125 0.43515625 0.1515625 0.14375
1 0.76953125 0.5046875 0.0859375 0.1234375