1 0.5703125 0.15859375 0.0921875 0.11875
1 0.28203125 0.1390625 0.08125 0.1625
1 0.0953125 0.15234375 0.103125 0.1125
1 0.375 0.2375 0.10625 0.103125
1 0.821875 0.23125 0.08125 0.125
1 0.9078125 0.2875 0.11875 0.103125
1 0.16484375 0.21171875 0.084375 0.115625
1 0.48046875 0.28203125 0.11875 0.1875
1 0.64375 0.58046875 0.1203125 0.115625
1 0.9765625 0.18671875 0.046875 0.0921875
1 0.9484375 0.94140625 0.103125 0.1171875
1 0.203125 0.296875 0.1125 0.109375
1 0.9 0.3734375 0.1 0.128125
1 0.8765625 0.80390625 0.1265625 0.134375
1 0.85703125 0.50625 0.11875 0.10625
1 0.7125 0.4859375 0.128125 0.115625
1 0.76015625 0.56953125 0.0609375 0.1125