1 0.51015625 0.1515625 0.1109375 0.1328125
1 0.22265625 0.18203125 0.109375 0.1734375
1 0.05078125 0.228125 0.1015625 0.128125
1 0.33125 0.26328125 0.121875 0.11875
1 0.7703125 0.1796875 0.1015625 0.1375
1 0.86484375 0.21953125 0.134375 0.121875
1 0.11953125 0.27421875 0.103125 0.1296875
1 0.44296875 0.2890625 0.1484375 0.2046875
1 0.65546875 0.55390625 0.1390625 0.134375
1 0.91484375 0.10859375 0.0625 0.0984375
1 0.978125 0.85703125 0.04375 0.1328125
1 0.17265625 0.3515625 0.1296875 0.1265625
1 0.871875 0.30625 0.1203125 0.14375
1 0.9234375 0.73359375 0.1484375 0.1546875
1 0.85234375 0.44453125 0.1359375 0.125
1 0.70703125 0.44921875 0.1453125 0.1359375
1 0.76796875 0.5234375 0.0796875 0.1203125