1 0.39296875 0.46640625 0.0265625 0.0390625
1 0.19296875 0.45 0.0234375 0.0375
1 0.421875 0.478125 0.0234375 0.0390625
1 0.3625 0.45703125 0.0234375 0.0359375
1 0.25703125 0.42421875 0.034375 0.065625
1 0.1859375 0.55390625 0.0375 0.0328125
1 0.14453125 0.57578125 0.0359375 0.03125
1 0.13671875 0.48828125 0.040625 0.04375
1 0.27890625 0.4015625 0.028125 0.040625
1 0.32265625 0.37578125 0.025 0.05
1 0.2296875 0.446875 0.0359375 0.04375
1 0.30625 0.4890625 0.0203125 0.01875
1 0.5140625 0.51328125 0.0203125 0.034375
1 0.4828125 0.4171875 0.0140625 0.0296875
1 0.4859375 0.51171875 0.025 0.0265625
1 0.26484375 0.5125 0.0203125 0.025
1 0.21015625 0.596875 0.0125 0.01875
1 0.53515625 0.528125 0.01875 0.021875
1 0.33515625 0.5421875 0.021875 0.053125
1 0.27578125 0.55 0.034375 0.0375
1 0.590625 0.54453125 0.0171875 0.0265625
1 0.4640625 0.503125 0.0203125 0.025
1 0.13046875 0.5390625 0.0171875 0.0203125
1 0.221875 0.5484375 0.034375 0.028125
1 0.25078125 0.52421875 0.0140625 0.0265625
1 0.559375 0.53828125 0.01875 0.0234375
1 0.28984375 0.43359375 0.0140625 0.015625
1 0.25703125 0.60234375 0.03125 0.0265625
1 0.2859375 0.5953125 0.0203125 0.0203125
1 0.39296875 0.55546875 0.025 0.059375
1 0.50546875 0.6140625 0.01875 0.021875
1 0.6171875 0.5515625 0.021875 0.0203125