1 0.409375 0.4328125 0.03125 0.040625
1 0.22578125 0.353125 0.028125 0.0390625
1 0.43359375 0.45390625 0.028125 0.040625
1 0.38359375 0.41484375 0.028125 0.0375
1 0.2953125 0.34921875 0.04375 0.06875
1 0.18515625 0.44921875 0.0421875 0.0375
1 0.1390625 0.45625 0.040625 0.0359375
1 0.16015625 0.37109375 0.046875 0.05
1 0.32265625 0.33515625 0.0328125 0.04375
1 0.37265625 0.325 0.03125 0.0515625
1 0.26171875 0.36171875 0.0421875 0.046875
1 0.3203125 0.4265625 0.0234375 0.021875
1 0.50859375 0.51640625 0.025 0.0375
1 0.5109375 0.415625 0.01875 0.03125
1 0.4828125 0.50625 0.028125 0.0296875
1 0.2734375 0.43515625 0.0234375 0.0265625
1 0.19453125 0.496875 0.015625 0.0203125
1 0.52421875 0.53828125 0.021875 0.025
1 0.33046875 0.4859375 0.0296875 0.0546875
1 0.27109375 0.47421875 0.0390625 0.0421875
1 0.57109375 0.571875 0.0203125 0.028125
1 0.46484375 0.49140625 0.0234375 0.0265625
1 0.1375 0.4171875 0.0203125 0.0234375
1 0.22109375 0.45546875 0.0375 0.03125
1 0.25703125 0.44140625 0.01875 0.0265625
1 0.54375 0.55546875 0.021875 0.025
1 0.32265625 0.36875 0.015625 0.0171875
1 0.2375 0.5171875 0.034375 0.0296875
1 0.26640625 0.5203125 0.021875 0.021875
1 0.38046875 0.51796875 0.034375 0.0609375
1 0.46796875 0.609375 0.021875 0.0234375
1 0.59453125 0.58671875 0.025 0.021875