1 0.40859375 0.434375 0.03125 0.040625
1 0.2234375 0.3578125 0.028125 0.0390625
1 0.4328125 0.4546875 0.0265625 0.040625
1 0.38203125 0.41640625 0.028125 0.0375
1 0.29296875 0.35234375 0.0421875 0.06875
1 0.184375 0.4546875 0.040625 0.0375
1 0.13828125 0.4625 0.0390625 0.034375
1 0.1578125 0.3765625 0.0453125 0.0484375
1 0.3203125 0.33828125 0.0328125 0.0421875
1 0.36953125 0.32734375 0.03125 0.0515625
1 0.259375 0.365625 0.040625 0.046875
1 0.31875 0.4296875 0.0234375 0.021875
1 0.509375 0.51640625 0.025 0.0359375
1 0.509375 0.415625 0.0171875 0.03125
1 0.48359375 0.50625 0.028125 0.0296875
1 0.27265625 0.43984375 0.0234375 0.0265625
1 0.19453125 0.50234375 0.0140625 0.0203125
1 0.525 0.5375 0.021875 0.025
1 0.33046875 0.4890625 0.028125 0.0546875
1 0.27109375 0.478125 0.0390625 0.0421875
1 0.57265625 0.5703125 0.0203125 0.028125
1 0.46484375 0.4921875 0.0234375 0.0265625
1 0.1359375 0.4234375 0.0203125 0.021875
1 0.2203125 0.46015625 0.0375 0.03125
1 0.25625 0.44609375 0.0171875 0.0265625
1 0.54453125 0.5546875 0.0203125 0.025
1 0.3203125 0.371875 0.015625 0.0171875
1 0.2375 0.521875 0.034375 0.0296875
1 0.26640625 0.525 0.021875 0.021875
1 0.38046875 0.51953125 0.0328125 0.0609375
1 0.46953125 0.61015625 0.021875 0.0234375
1 0.59609375 0.58515625 0.025 0.021875