1 0.4171875 0.18984375 0.0328125 0.0515625
1 0.37109375 0.184375 0.046875 0.053125
1 0.45703125 0.19765625 0.028125 0.0484375
1 0.71953125 0.234375 0.0328125 0.0546875
1 0.6640625 0.2328125 0.0359375 0.0421875
1 0.5 0.20078125 0.03125 0.053125
1 0.53046875 0.2078125 0.034375 0.05
1 0.36953125 0.2984375 0.046875 0.0484375
1 0.8984375 0.53671875 0.046875 0.0625
1 0.05234375 0.5 0.0515625 0.0625
1 0.80546875 0.51015625 0.0359375 0.0421875
1 0.215625 0.1484375 0.03125 0.0609375
1 0.784375 0.39765625 0.0359375 0.0484375
1 0.41015625 0.39296875 0.0453125 0.05
1 0.603125 0.22890625 0.0421875 0.05625
1 0.56171875 0.21640625 0.0296875 0.046875
1 0.77578125 0.46484375 0.040625 0.0453125
1 0.72109375 0.3859375 0.046875 0.05
1 0.665625 0.29375 0.0390625 0.0453125
1 0.15546875 0.31328125 0.046875 0.053125
1 0.05546875 0.3640625 0.0453125 0.053125
1 0.73203125 0.41484375 0.0484375 0.0546875
1 0.94765625 0.58828125 0.046875 0.090625
1 0.4984375 0.4421875 0.04375 0.046875
1 0.35078125 0.3359375 0.034375 0.0453125
1 0.59921875 0.34296875 0.0390625 0.046875
1 0.5 0.33046875 0.0375 0.0453125
1 0.57890625 0.28125 0.046875 0.0546875
1 0.10546875 0.38671875 0.04375 0.0390625
1 0.68828125 0.4640625 0.046875 0.05
1 0.5328125 0.30703125 0.0484375 0.0515625
1 0.678125 0.54140625 0.04375 0.05
1 0.45390625 0.3671875 0.046875 0.053125
1 0.33046875 0.41640625 0.0375 0.046875
1 0.678125 0.40859375 0.040625 0.05625
1 0.36171875 0.35859375 0.0375 0.04375
1 0.11171875 0.43359375 0.0890625 0.0859375
1 0.55625 0.3765625 0.0390625 0.0421875
1 0.2609375 0.3046875 0.0453125 0.059375
1 0.6328125 0.44609375 0.0421875 0.0390625
1 0.378125 0.41484375 0.046875 0.0375
1 0.35546875 0.3703125 0.0421875 0.0546875
1 0.20234375 0.44140625 0.046875 0.0453125
1 0.51953125 0.378125 0.0375 0.0421875
1 0.18671875 0.30390625 0.0375 0.05
1 0.7875 0.5140625 0.059375 0.053125
1 0.76640625 0.52265625 0.040625 0.0375
1 0.3484375 0.3859375 0.0484375 0.0484375