1 0.32109375 0.23359375 0.0359375 0.053125
1 0.275 0.24375 0.0484375 0.0546875
1 0.3609375 0.228125 0.03125 0.05
1 0.62109375 0.17734375 0.0359375 0.0546875
1 0.56796875 0.19375 0.0375 0.04375
1 0.403125 0.2171875 0.0328125 0.0546875
1 0.43359375 0.21328125 0.0359375 0.0515625
1 0.3109375 0.35234375 0.0484375 0.05
1 0.8890625 0.40546875 0.05 0.0640625
1 0.07734375 0.64609375 0.0546875 0.0640625
1 0.7921875 0.41015625 0.0375 0.04375
1 0.11640625 0.26015625 0.034375 0.0609375
1 0.73515625 0.3109375 0.0375 0.05
1 0.38046875 0.428125 0.046875 0.0515625
1 0.50859375 0.21015625 0.04375 0.0578125
1 0.46640625 0.2109375 0.03125 0.046875
1 0.74921875 0.3765625 0.04375 0.046875
1 0.671875 0.3203125 0.05 0.053125
1 0.5890625 0.25078125 0.0421875 0.046875
1 0.11328125 0.4359375 0.0484375 0.0546875
1 0.03515625 0.51640625 0.0484375 0.0546875
1 0.69140625 0.34453125 0.05 0.05625
1 0.9515625 0.4375 0.05 0.0921875
1 0.4796875 0.44609375 0.0453125 0.0484375
1 0.30546875 0.39375 0.0359375 0.046875
1 0.54296875 0.31875 0.040625 0.0484375
1 0.4453125 0.33984375 0.040625 0.046875
1 0.503125 0.26796875 0.05 0.05625
1 0.090625 0.521875 0.0453125 0.040625
1 0.66640625 0.4046875 0.0484375 0.0515625
1 0.46796875 0.30703125 0.05 0.053125
1 0.68203125 0.48125 0.046875 0.0515625
1 0.41328125 0.38984375 0.0484375 0.0546875
1 0.3125 0.47578125 0.0390625 0.046875
1 0.63828125 0.35546875 0.0421875 0.05625
1 0.32265625 0.4109375 0.0390625 0.04375
1 0.1109375 0.56328125 0.0921875 0.0890625
1 0.5125 0.365625 0.040625 0.04375
1 0.21015625 0.39296875 0.046875 0.0609375
1 0.60859375 0.40546875 0.04375 0.040625
1 0.35703125 0.459375 0.0484375 0.0390625
1 0.32109375 0.42421875 0.0453125 0.05625
1 0.19921875 0.54140625 0.0484375 0.0484375
1 0.47890625 0.378125 0.0390625 0.04375
1 0.13984375 0.41640625 0.0390625 0.05
1 0.7765625 0.4203125 0.0609375 0.05625
1 0.759375 0.434375 0.0421875 0.0390625
1 0.31953125 0.44140625 0.0515625 0.05