1 0.31640625 0.2375 0.0359375 0.053125
1 0.2703125 0.24765625 0.05 0.0546875
1 0.35625 0.23046875 0.03125 0.05
1 0.615625 0.175 0.0359375 0.0546875
1 0.5625 0.19296875 0.0390625 0.04375
1 0.39765625 0.21875 0.034375 0.0546875
1 0.42890625 0.21484375 0.0375 0.0515625
1 0.30859375 0.35546875 0.0484375 0.05
1 0.8875 0.3984375 0.05 0.0640625
1 0.0796875 0.653125 0.0546875 0.065625
1 0.790625 0.4046875 0.0390625 0.04375
1 0.1125 0.2671875 0.0359375 0.0609375
1 0.73203125 0.30703125 0.0390625 0.05
1 0.37890625 0.4296875 0.046875 0.053125
1 0.50390625 0.21015625 0.0453125 0.0578125
1 0.4609375 0.21171875 0.03125 0.0484375
1 0.746875 0.37265625 0.04375 0.046875
1 0.66875 0.3171875 0.05 0.053125
1 0.58515625 0.24921875 0.0421875 0.046875
1 0.1125 0.44296875 0.0484375 0.05625
1 0.0359375 0.52421875 0.0484375 0.0546875
1 0.6890625 0.340625 0.05 0.05625
1 0.95078125 0.4296875 0.0515625 0.0921875
1 0.47890625 0.44609375 0.046875 0.05
1 0.30390625 0.396875 0.0375 0.046875
1 0.53984375 0.31796875 0.0421875 0.0484375
1 0.4421875 0.340625 0.040625 0.046875
1 0.49921875 0.26796875 0.05 0.0578125
1 0.090625 0.52890625 0.0453125 0.040625
1 0.66484375 0.4015625 0.0484375 0.0515625
1 0.46484375 0.3078125 0.0515625 0.053125
1 0.68125 0.478125 0.046875 0.0515625
1 0.41171875 0.39140625 0.0484375 0.05625
1 0.31171875 0.47890625 0.040625 0.0484375
1 0.6359375 0.353125 0.04375 0.0578125
1 0.32109375 0.4140625 0.0390625 0.0453125
1 0.1125 0.5703125 0.09375 0.090625
1 0.51015625 0.36484375 0.040625 0.04375
1 0.20859375 0.3984375 0.0484375 0.0625
1 0.60625 0.40390625 0.0453125 0.0421875
1 0.35625 0.46171875 0.0484375 0.040625
1 0.3203125 0.42734375 0.0453125 0.05625
1 0.2 0.546875 0.0484375 0.0484375
1 0.4765625 0.37890625 0.0390625 0.04375
1 0.13828125 0.42265625 0.040625 0.0515625
1 0.775 0.41484375 0.0625 0.05625
1 0.75859375 0.4296875 0.0421875 0.0390625
1 0.31875 0.44453125 0.0515625 0.05