1 0.6546875 0.39453125 0.034375 0.05625
1 0.703125 0.3953125 0.0359375 0.053125
1 0.53671875 0.403125 0.0390625 0.0546875
1 0.62734375 0.4 0.034375 0.05
1 0.44296875 0.3546875 0.046875 0.0609375
1 0.496875 0.40625 0.0375 0.0546875
1 0.82265625 0.38203125 0.0328125 0.0546875
1 0.28125 0.37578125 0.0328125 0.0421875
1 0.375 0.31640625 0.0359375 0.0625
1 0.803125 0.3796875 0.0328125 0.059375
1 0.759375 0.390625 0.046875 0.05
1 0.21640625 0.37734375 0.034375 0.0515625
1 0.39765625 0.35625 0.040625 0.053125
1 0.3203125 0.3703125 0.03125 0.04375
1 0.58359375 0.40546875 0.065625 0.0703125
1 0.378125 0.36328125 0.046875 0.05625
1 0.36875 0.35703125 0.0375 0.0515625
1 0.7515625 0.4203125 0.0421875 0.0421875