1 0.60078125 0.3421875 0.0296875 0.05625
1 0.64609375 0.32421875 0.0328125 0.053125
1 0.49609375 0.39609375 0.034375 0.053125
1 0.578125 0.3578125 0.03125 0.0484375
1 0.390625 0.38828125 0.0421875 0.059375
1 0.46015625 0.415625 0.0328125 0.053125
1 0.75078125 0.265625 0.0296875 0.053125
1 0.25 0.47109375 0.0296875 0.040625
1 0.31328125 0.3796875 0.03125 0.0625
1 0.73203125 0.27109375 0.028125 0.0578125
1 0.69609375 0.2984375 0.04375 0.0484375
1 0.19140625 0.49765625 0.03125 0.05
1 0.34921875 0.4078125 0.0375 0.0515625
1 0.284375 0.45 0.028125 0.0421875
1 0.540625 0.38046875 0.0609375 0.065625
1 0.334375 0.421875 0.04375 0.053125
1 0.3234375 0.41953125 0.034375 0.05
1 0.70078125 0.328125 0.0390625 0.0390625