1 0.61953125 0.35625 0.0234375 0.053125
1 0.66640625 0.34296875 0.0265625 0.05
1 0.50859375 0.396875 0.0296875 0.05
1 0.59453125 0.36875 0.0265625 0.046875
1 0.4046875 0.37578125 0.0359375 0.0546875
1 0.47109375 0.4109375 0.028125 0.05
1 0.77734375 0.29765625 0.0234375 0.0515625
1 0.25546875 0.440625 0.025 0.0375
1 0.3296875 0.35859375 0.0234375 0.059375
1 0.7578125 0.30078125 0.021875 0.05625
1 0.71875 0.3234375 0.0390625 0.04375
1 0.19375 0.46015625 0.025 0.0484375
1 0.36171875 0.38984375 0.0328125 0.0484375
1 0.29140625 0.42421875 0.0234375 0.0390625
1 0.5546875 0.3859375 0.0546875 0.0609375
1 0.3453125 0.40234375 0.0375 0.05
1 0.334375 0.3984375 0.0296875 0.046875
1 0.7203125 0.35390625 0.0359375 0.0359375