1 0.49296875 0.74609375 0.021875 0.0234375
1 0.51484375 0.74296875 0.01875 0.021875
1 0.57890625 0.73359375 0.0140625 0.0203125
1 0.45703125 0.75390625 0.040625 0.0234375
1 0.3703125 0.7625 0.01875 0.0265625
1 0.54375 0.73515625 0.0140625 0.0296875
1 0.67265625 0.72109375 0.0171875 0.0234375
1 0.73828125 0.71015625 0.015625 0.0234375
1 0.6390625 0.72421875 0.0140625 0.025
1 0.61484375 0.72734375 0.0140625 0.0234375
1 0.703125 0.7140625 0.0171875 0.0265625
1 0.403125 0.75859375 0.0140625 0.0234375