1 0.10625 0.2421875 0.08125 0.0640625
1 0.434375 0.18359375 0.0421875 0.0515625
1 0.22890625 0.2625 0.0546875 0.0578125
1 0.0109375 0.275 0.021875 0.071875
1 0.1734375 0.04140625 0.05 0.0421875
1 0.0296875 0.3109375 0.0453125 0.05625
1 0.3375 0.0484375 0.0734375 0.0671875
1 0.396875 0.06953125 0.0484375 0.0578125
1 0.1 0.3078125 0.0453125 0.034375
1 0.34765625 0.42578125 0.0375 0.040625
1 0.7828125 0.06875 0.0484375 0.0375
1 0.11640625 0.4875 0.0515625 0.04375
1 0.7796875 0.24765625 0.034375 0.0390625
1 0.7796875 0.02265625 0.06875 0.0453125
1 0.70390625 0.30078125 0.05 0.05
1 0.96015625 0.2125 0.0453125 0.046875
1 0.28984375 0.3640625 0.06875 0.0875
1 0.7859375 0.20390625 0.040625 0.04375
1 0.190625 0.5390625 0.0421875 0.0328125
1 0.2515625 0.171875 0.053125 0.0375
1 0.20625 0.16328125 0.0421875 0.053125
1 0.63671875 0.17109375 0.046875 0.046875
1 0.58984375 0.0078125 0.0296875 0.015625
1 0.6875 0.16484375 0.05625 0.0546875
1 0.11328125 0.72890625 0.0359375 0.0265625
1 0.79140625 0.3453125 0.0359375 0.021875
1 0.5734375 0.25078125 0.046875 0.0296875
1 0.1578125 0.7609375 0.0421875 0.0328125
1 0.50078125 0.3453125 0.0484375 0.0640625
1 0.40859375 0.44296875 0.0421875 0.0234375
1 0.3 0.575 0.0359375 0.0359375
1 0.50390625 0.2875 0.078125 0.065625
1 0.8875 0.6390625 0.04375 0.046875
1 0.6109375 0.08828125 0.0703125 0.0578125
1 0.16484375 0.6921875 0.028125 0.034375
1 0.9578125 0.60625 0.0515625 0.040625
1 0.39140625 0.55078125 0.05625 0.0421875
1 0.340625 0.5609375 0.0390625 0.025
1 0.8 0.15859375 0.09375 0.071875
1 0.6796875 0.22265625 0.0484375 0.040625
1 0.76015625 0.428125 0.0515625 0.0609375
1 0.79453125 0.4609375 0.04375 0.03125
1 0.33125 0.6 0.0484375 0.0390625
1 0.971875 0.47578125 0.0265625 0.0359375
1 0.52109375 0.03515625 0.0640625 0.0703125
1 0.64140625 0.21484375 0.0484375 0.040625
1 0.4890625 0.40703125 0.028125 0.028125
1 0.77421875 0.56875 0.0390625 0.0453125
1 0.453125 0.45625 0.0296875 0.021875
1 0.52890625 0.0609375 0.04375 0.04375
1 0.5453125 0.14453125 0.0640625 0.0671875
1 0.8515625 0.309375 0.028125 0.0328125
1 0.16875 0.83125 0.0421875 0.034375
1 0.66796875 0.3890625 0.034375 0.0328125
1 0.94765625 0.303125 0.0265625 0.021875
1 0.56796875 0.30703125 0.0375 0.034375
1 0.36484375 0.97734375 0.0484375 0.0453125
1 0.20390625 0.809375 0.0234375 0.028125
1 0.1796875 0.6375 0.025 0.0328125
1 0.93046875 0.37890625 0.0421875 0.05
1 0.2296875 0.5578125 0.071875 0.0375
1 0.43203125 0.56328125 0.0484375 0.040625
1 0.40546875 0.52109375 0.040625 0.0453125
1 0.65234375 0.31171875 0.065625 0.0515625
1 0.39921875 0.91328125 0.0546875 0.04375
1 0.1671875 0.92265625 0.0203125 0.0171875
1 0.20859375 0.6046875 0.028125 0.028125
1 0.2109375 0.978125 0.065625 0.04375
1 0.775 0.74375 0.0375 0.034375
1 0.91796875 0.52890625 0.0390625 0.0640625
1 0.9390625 0.3265625 0.0359375 0.0328125
1 0.8765625 0.2171875 0.0609375 0.0640625
1 0.58828125 0.40390625 0.0359375 0.0296875
1 0.89140625 0.25625 0.034375 0.040625
1 0.50234375 0.625 0.0203125 0.03125
1 0.12421875 0.790625 0.034375 0.0234375
1 0.9 0.4484375 0.05625 0.0703125
1 0.52109375 0.42890625 0.0234375 0.025
1 0.60234375 0.371875 0.04375 0.040625
1 0.1828125 0.8890625 0.021875 0.040625
1 0.2640625 0.9921875 0.028125 0.015625
1 0.19921875 0.721875 0.0359375 0.0296875
1 0.3703125 0.59765625 0.0296875 0.028125
1 0.73359375 0.48125 0.0265625 0.034375
1 0.259375 0.5765625 0.0234375 0.040625
1 0.15703125 0.8125 0.034375 0.025
1 0.62265625 0.38359375 0.021875 0.0328125
1 0.6140625 0.4453125 0.0453125 0.0421875
1 0.678125 0.4234375 0.040625 0.040625
1 0.47421875 0.5484375 0.03125 0.0421875
1 0.9421875 0.275 0.05 0.034375
1 0.53515625 0.4734375 0.0296875 0.034375
1 0.81484375 0.52265625 0.0296875 0.0296875
1 0.97578125 0.67109375 0.0421875 0.03125
1 0.09921875 0.5140625 0.0421875 0.03125
1 0.96015625 0.52578125 0.0359375 0.040625
1 0.42890625 0.61484375 0.0328125 0.03125
1 0.2453125 0.64375 0.0296875 0.03125