1 0.16796875 0.16640625 0.084375 0.06875
1 0.5015625 0.1765625 0.0453125 0.0546875
1 0.284375 0.21171875 0.0578125 0.0609375
1 0.059375 0.1765625 0.046875 0.0734375
1 0.07890625 0.2171875 0.05 0.059375
1 0.434375 0.03046875 0.078125 0.0609375
1 0.4890625 0.05703125 0.053125 0.0609375
1 0.1484375 0.22890625 0.046875 0.0375
1 0.36640625 0.39609375 0.0390625 0.0421875
1 0.86640625 0.1375 0.05 0.040625
1 0.12734375 0.4078125 0.0546875 0.046875
1 0.8265625 0.31171875 0.0375 0.0421875
1 0.87578125 0.08125 0.0734375 0.0734375
1 0.740625 0.34765625 0.053125 0.0515625
1 0.9921875 0.31328125 0.015625 0.0484375
1 0.32265625 0.3234375 0.0734375 0.090625
1 0.84140625 0.26953125 0.0421875 0.0453125
1 0.1890625 0.4734375 0.04375 0.0359375
1 0.325 0.12734375 0.05625 0.040625
1 0.2828125 0.109375 0.0453125 0.0546875
1 0.70234375 0.20625 0.05 0.05
1 0.69140625 0.03359375 0.03125 0.0265625
1 0.753125 0.2109375 0.059375 0.0578125
1 0.07421875 0.64375 0.0375 0.0296875
1 0.8171875 0.409375 0.0359375 0.0234375
1 0.6234375 0.27109375 0.0484375 0.0328125
1 0.1109375 0.684375 0.04375 0.034375
1 0.5328125 0.34921875 0.0515625 0.0671875
1 0.421875 0.425 0.04375 0.025
1 0.2890625 0.53203125 0.0390625 0.0390625
1 0.54765625 0.29296875 0.08125 0.0703125
1 0.85 0.71640625 0.046875 0.0484375
1 0.69375 0.1203125 0.0734375 0.0625
1 0.13203125 0.61796875 0.03125 0.0359375
1 0.92578125 0.69921875 0.053125 0.04375
1 0.38359375 0.52734375 0.0578125 0.0453125
1 0.33125 0.5265625 0.040625 0.0265625
1 0.86484375 0.22890625 0.096875 0.078125
1 0.73359375 0.26640625 0.05 0.04375
1 0.76953125 0.48359375 0.0546875 0.0640625
1 0.796875 0.52265625 0.0453125 0.034375
1 0.3140625 0.56328125 0.05 0.0421875
1 0.9671875 0.57421875 0.0296875 0.0375
1 0.61796875 0.04765625 0.06875 0.0765625
1 0.69765625 0.25078125 0.0515625 0.04375
1 0.50859375 0.40625 0.0296875 0.0296875
1 0.75390625 0.62421875 0.0421875 0.046875
1 0.46328125 0.44765625 0.03125 0.0234375
1 0.61953125 0.0765625 0.046875 0.046875
1 0.61875 0.16171875 0.0671875 0.0703125
1 0.88359375 0.38671875 0.0296875 0.034375
1 0.10703125 0.7546875 0.04375 0.0359375
1 0.68671875 0.42578125 0.0359375 0.034375
1 0.97890625 0.40078125 0.028125 0.0234375
1 0.60625 0.32578125 0.0390625 0.0359375
1 0.2671875 0.94296875 0.0515625 0.0578125
1 0.14609375 0.74140625 0.025 0.0296875
1 0.15859375 0.56796875 0.0265625 0.034375
1 0.94609375 0.47109375 0.0453125 0.0515625
1 0.2234375 0.50078125 0.0734375 0.040625
1 0.4203125 0.54765625 0.05 0.04375
1 0.403125 0.50078125 0.04375 0.0484375
1 0.68828125 0.34765625 0.06875 0.0546875
1 0.31484375 0.88359375 0.05625 0.046875
1 0.08671875 0.84453125 0.0203125 0.01875
1 0.19375 0.5421875 0.0296875 0.0296875
1 0.11640625 0.91640625 0.0703125 0.0640625
1 0.71796875 0.79609375 0.040625 0.0375
1 0.903125 0.61484375 0.0421875 0.065625
1 0.965625 0.421875 0.0375 0.0359375
1 0.92734375 0.30234375 0.065625 0.06875
1 0.60625 0.42421875 0.0375 0.0328125
1 0.93359375 0.34296875 0.0375 0.04375
1 0.4765625 0.62265625 0.0234375 0.0328125
1 0.071875 0.70625 0.0359375 0.025
1 0.9015625 0.5328125 0.0609375 0.0734375
1 0.53515625 0.434375 0.025 0.0265625
1 0.6265625 0.39609375 0.046875 0.04375
1 0.10859375 0.8140625 0.025 0.040625
1 0.165625 0.94140625 0.03125 0.0359375
1 0.159375 0.65390625 0.0375 0.03125
1 0.353125 0.56875 0.03125 0.0296875
1 0.73203125 0.53046875 0.028125 0.0359375
1 0.2484375 0.525 0.025 0.0421875
1 0.09921875 0.734375 0.0359375 0.0265625
1 0.64453125 0.41171875 0.025 0.034375
1 0.6234375 0.4703125 0.046875 0.0453125
1 0.68984375 0.46171875 0.04375 0.04375
1 0.46484375 0.5421875 0.0328125 0.04375
1 0.9765625 0.371875 0.046875 0.0375
1 0.53984375 0.48125 0.03125 0.0359375
1 0.803125 0.5875 0.03125 0.03125
1 0.9296875 0.76640625 0.04375 0.0328125
1 0.1046875 0.43046875 0.04375 0.0328125
1 0.94453125 0.62109375 0.0390625 0.0421875
1 0.40625 0.59765625 0.034375 0.0328125
1 0.22109375 0.5875 0.03125 0.0328125