1 0.8671875 0.28984375 0.0328125 0.04375
1 0.13203125 0.4921875 0.03125 0.0359375
1 0.90859375 0.275 0.034375 0.0390625
1 0.0546875 0.5109375 0.0296875 0.0375
1 0.8234375 0.30703125 0.028125 0.028125
1 0.94921875 0.275 0.0296875 0.03125
1 0.40234375 0.41875 0.028125 0.034375
1 0.75390625 0.3203125 0.03125 0.0328125
1 0.16484375 0.490625 0.034375 0.028125
1 0.64140625 0.35546875 0.0234375 0.0265625
1 0.98515625 0.2625 0.0296875 0.03125
1 0.71328125 0.33671875 0.0234375 0.025
1 0.3515625 0.428125 0.028125 0.040625
1 0.215625 0.4703125 0.0265625 0.034375
1 0.7828125 0.31328125 0.0328125 0.034375
1 0.51328125 0.3921875 0.0359375 0.0328125
1 0.459375 0.41015625 0.0234375 0.0296875
1 0.684375 0.34375 0.0265625 0.025
1 0.11796875 0.61484375 0.028125 0.0328125
1 0.54375 0.38046875 0.025 0.028125
1 0.3828125 0.42265625 0.028125 0.0421875
1 0.42890625 0.41875 0.021875 0.025
1 0.20234375 0.59296875 0.0265625 0.0359375
1 0.0046875 0.53203125 0.009375 0.0296875
1 0.284375 0.56875 0.0265625 0.0375
1 0.48046875 0.403125 0.0265625 0.0265625
1 0.36953125 0.54296875 0.025 0.0328125
1 0.56484375 0.378125 0.0234375 0.025
1 0.0203125 0.52890625 0.0234375 0.025
1 0.6 0.37109375 0.0296875 0.028125
1 0.7328125 0.4421875 0.0265625 0.0328125
1 0.46875 0.40703125 0.0359375 0.0359375
1 0.31953125 0.4484375 0.025 0.0265625
1 0.03515625 0.63125 0.028125 0.0296875
1 0.0609375 0.61171875 0.0265625 0.0375
1 0.9625 0.3703125 0.0234375 0.03125
1 0.25859375 0.46484375 0.0234375 0.0265625