1 0.64296875 0.6109375 0.078125 0.084375
1 0.51171875 0.57265625 0.0578125 0.0765625
1 0.0875 0.45546875 0.053125 0.075
1 0.7828125 0.64453125 0.0609375 0.0875
1 0.4421875 0.55234375 0.0515625 0.071875
1 0.5640625 0.59140625 0.0625 0.0734375
1 0.13515625 0.465625 0.046875 0.078125
1 0.92578125 0.6984375 0.0734375 0.0734375
1 0.18984375 0.48828125 0.0484375 0.06875
1 0.6953125 0.6265625 0.05 0.071875
1 0.021875 0.4328125 0.04375 0.06875
1 0.8421875 0.66875 0.0609375 0.06875
1 0.24765625 0.50625 0.053125 0.065625