1 0.203125 0.3828125 0.040625 0.0484375
1 0.62265625 0.33046875 0.028125 0.053125
1 0.7546875 0.4734375 0.025 0.0375
1 0.571875 0.28828125 0.0328125 0.046875
1 0.36796875 0.2859375 0.0390625 0.0484375
1 0.7578125 0.4046875 0.0296875 0.04375
1 0.35 0.55703125 0.0453125 0.046875
1 0.50390625 0.55546875 0.034375 0.0484375
1 0.496875 0.37890625 0.03125 0.040625
1 0.66796875 0.5453125 0.03125 0.0484375
1 0.4375 0.34921875 0.040625 0.040625
1 0.44296875 0.290625 0.03125 0.0375
1 0.43515625 0.31640625 0.0390625 0.04375
1 0.6875 0.50546875 0.03125 0.04375
1 0.55859375 0.32421875 0.0328125 0.034375
1 0.5734375 0.35625 0.04375 0.0359375
1 0.5109375 0.34140625 0.0375 0.0421875
1 0.484375 0.25390625 0.0265625 0.0359375
1 0.590625 0.57265625 0.040625 0.046875
1 0.55390625 0.475 0.04375 0.0453125
1 0.5875 0.3953125 0.0359375 0.0390625
1 0.5546875 0.58125 0.04375 0.046875
1 0.78515625 0.56015625 0.0453125 0.0515625
1 0.42734375 0.3015625 0.028125 0.0375
1 0.3203125 0.33828125 0.0328125 0.0421875
1 0.23828125 0.54375 0.0375 0.04375
1 0.503125 0.29453125 0.0296875 0.0328125