1 0.390625 0.7921875 0.0171875 0.040625
1 0.29765625 0.77734375 0.0171875 0.0390625
1 0.3734375 0.790625 0.015625 0.0390625
1 0.35703125 0.7921875 0.01875 0.034375
1 0.403125 0.79609375 0.015625 0.0375
1 0.6859375 0.846875 0.01875 0.0390625
1 0.66953125 0.84140625 0.015625 0.0390625
1 0.21015625 0.76015625 0.015625 0.0375
1 0.60546875 0.8328125 0.0171875 0.0390625
1 0.090625 0.73984375 0.015625 0.0390625
1 0.1765625 0.7546875 0.0140625 0.0375
1 0.6578125 0.83984375 0.0171875 0.040625
1 0.11328125 0.7484375 0.015625 0.0375
1 0.0765625 0.74140625 0.015625 0.034375
1 0.41328125 0.80078125 0.0140625 0.034375
1 0.64375 0.83671875 0.0234375 0.0421875
1 0.61640625 0.83671875 0.015625 0.03125
1 0.3234375 0.784375 0.015625 0.0359375
1 0.253125 0.76953125 0.015625 0.0390625
1 0.22109375 0.76328125 0.015625 0.0359375
1 0.23046875 0.76484375 0.015625 0.0375
1 0.24140625 0.7671875 0.015625 0.0375
1 0.42578125 0.7984375 0.015625 0.0390625
1 0.5796875 0.82734375 0.015625 0.0390625
1 0.18671875 0.7578125 0.015625 0.0359375
1 0.3359375 0.7875 0.015625 0.034375
1 0.590625 0.82890625 0.0171875 0.0421875
1 0.275 0.7765625 0.0140625 0.034375
1 0.12421875 0.753125 0.0171875 0.040625
1 0.63046875 0.83515625 0.0171875 0.0390625
1 0.30859375 0.78203125 0.015625 0.0375
1 0.165625 0.753125 0.0171875 0.040625
1 0.10078125 0.74296875 0.015625 0.0390625
1 0.2859375 0.7765625 0.015625 0.0359375
1 0.44140625 0.8015625 0.015625 0.040625
1 0.26328125 0.77578125 0.015625 0.034375
1 0.55703125 0.8203125 0.0171875 0.0453125
1 0.53359375 0.81875 0.015625 0.0390625
1 0.4765625 0.809375 0.0140625 0.0375
1 0.51015625 0.8140625 0.015625 0.0390625
1 0.06328125 0.7390625 0.015625 0.040625
1 0.56796875 0.821875 0.015625 0.0453125
1 0.48828125 0.81171875 0.015625 0.0359375
1 0.05234375 0.73671875 0.0140625 0.0375
1 0.696875 0.853125 0.01875 0.0359375
1 0.51953125 0.815625 0.0171875 0.040625
1 0.45234375 0.80390625 0.0171875 0.0390625
1 0.19765625 0.75859375 0.015625 0.0375
1 0.71484375 0.8578125 0.025 0.0375
1 0.59453125 0.82890625 0.1734375 0.084375
1 0.03984375 0.73671875 0.0140625 0.0375
1 0.2375 0.76640625 0.175 0.0890625
1 0.4515625 0.80234375 0.14375 0.078125
1 0.46328125 0.80625 0.015625 0.0375
1 0.14609375 0.75625 0.0140625 0.0296875
1 0.5203125 0.81484375 0.1546875 0.078125
1 0.54375 0.82109375 0.015625 0.0390625
1 0.49765625 0.81015625 0.015625 0.0421875
1 0.159375 0.7515625 0.171875 0.0875
1 0.15703125 0.7546875 0.015625 0.0359375