1 0.2671875 0.434375 0.1515625 0.1609375
1 0.85546875 0.728125 0.1015625 0.134375
1 0.11328125 0.346875 0.115625 0.0984375
1 0.02265625 0.459375 0.0453125 0.065625
1 0.30546875 0.31875 0.04375 0.0625
1 0.32890625 0.55546875 0.0671875 0.084375
1 0.13828125 0.50078125 0.096875 0.1390625
1 0.684375 0.43203125 0.0671875 0.0796875
1 0.2375 0.5234375 0.059375 0.0671875
1 0.421875 0.5734375 0.065625 0.0796875
1 0.4921875 0.32421875 0.0359375 0.0671875
1 0.06015625 0.56796875 0.0484375 0.06875
1 0.73828125 0.465625 0.046875 0.0703125
1 0.7671875 0.35546875 0.065625 0.06875
1 0.6921875 0.2265625 0.0578125 0.0734375
1 0.19453125 0.59921875 0.0390625 0.0703125
1 0.40078125 0.3640625 0.0640625 0.0625
1 0.08125 0.634375 0.059375 0.0609375
1 0.0296875 0.56640625 0.0578125 0.06875
1 0.89765625 0.3796875 0.04375 0.084375
1 0.36796875 0.0515625 0.046875 0.0515625
1 0.84140625 0.41796875 0.059375 0.06875
1 0.8328125 0.4640625 0.0578125 0.059375
1 0.6078125 0.21171875 0.0578125 0.071875
1 0.50234375 0.459375 0.0484375 0.0734375
1 0.8703125 0.296875 0.0578125 0.078125
1 0.5453125 0.2109375 0.04375 0.0578125
1 0.54140625 0.33984375 0.0640625 0.0734375
1 0.71015625 0.30625 0.046875 0.0546875
1 0.315625 0.0609375 0.0625 0.0734375
1 0.64296875 0.15859375 0.0453125 0.0515625
1 0.88984375 0.49609375 0.0546875 0.0640625
1 0.56328125 0.1265625 0.04375 0.05
1 0.67578125 0.16484375 0.0546875 0.059375
1 0.61171875 0.396875 0.1046875 0.115625
1 0.95078125 0.37265625 0.0734375 0.0703125
1 0.76484375 0.23984375 0.0625 0.084375
1 0.93515625 0.2546875 0.04375 0.0546875
1 0.62265625 0.2921875 0.0484375 0.053125
1 0.41953125 0.31953125 0.0703125 0.09375
1 0.63359375 0.3171875 0.0484375 0.0640625
1 0.86953125 0.24140625 0.0375 0.0578125
1 0.5140625 0.14296875 0.04375 0.0578125
1 0.5015625 0.10390625 0.046875 0.040625
1 0.79453125 0.2015625 0.0359375 0.05
1 0.73125 0.20078125 0.05 0.059375
1 0.7484375 0.3125 0.0609375 0.0546875
1 0.49453125 0.13515625 0.040625 0.04375
1 0.765625 0.2046875 0.04375 0.0546875
1 0.90703125 0.2546875 0.0359375 0.053125
1 0.8921875 0.290625 0.0375 0.0484375
1 0.8140625 0.21328125 0.0265625 0.04375
1 0.63984375 0.371875 0.05 0.084375
1 0.84453125 0.22890625 0.025 0.0328125
1 0.78203125 0.30390625 0.05625 0.05
1 0.41484375 0.07109375 0.0328125 0.0359375
1 0.97734375 0.38671875 0.0265625 0.040625