1 0.825 0.22890625 0.0265625 0.040625
1 0.1359375 0.55625 0.025 0.03125
1 0.86328125 0.2078125 0.028125 0.034375
1 0.06328125 0.58828125 0.0234375 0.034375
1 0.78515625 0.25390625 0.025 0.025
1 0.903125 0.20078125 0.025 0.0265625
1 0.38984375 0.43671875 0.0234375 0.03125
1 0.71875 0.27890625 0.028125 0.028125
1 0.16796875 0.54921875 0.03125 0.0234375
1 0.6140625 0.3328125 0.01875 0.025
1 0.94140625 0.18125 0.034375 0.025
1 0.68203125 0.30234375 0.0203125 0.021875
1 0.34140625 0.4546875 0.021875 0.0375
1 0.21484375 0.5203125 0.021875 0.03125
1 0.74609375 0.2671875 0.028125 0.0296875
1 0.49453125 0.39140625 0.03125 0.028125
1 0.44453125 0.41875 0.01875 0.028125
1 0.6546875 0.3140625 0.021875 0.021875
1 0.14375 0.6796875 0.021875 0.0296875
1 0.52265625 0.375 0.021875 0.025
1 0.37109375 0.44453125 0.021875 0.0375
1 0.415625 0.43203125 0.01875 0.021875
1 0.97578125 0.16484375 0.0234375 0.025
1 0.22265625 0.64296875 0.0203125 0.034375
1 0.0109375 0.61875 0.021875 0.0265625
1 0.3 0.60546875 0.021875 0.034375
1 0.4640625 0.4078125 0.0234375 0.0234375
1 0.37890625 0.56484375 0.0203125 0.0296875
1 0.54296875 0.36875 0.01875 0.021875
1 0.0328125 0.61171875 0.0203125 0.021875
1 0.57578125 0.35546875 0.0265625 0.025
1 0.71953125 0.40234375 0.021875 0.028125
1 0.453125 0.4140625 0.03125 0.03125
1 0.31328125 0.48046875 0.021875 0.0234375
1 0.06484375 0.71015625 0.025 0.0265625
1 0.08671875 0.6859375 0.021875 0.034375
1 0.9328125 0.2921875 0.01875 0.028125
1 0.25625 0.50703125 0.0203125 0.0234375