1 0.303125 0.35859375 0.146875 0.1578125
1 0.75625 0.8359375 0.0984375 0.1328125
1 0.1890625 0.2234375 0.1140625 0.0953125
1 0.0578125 0.2953125 0.0609375 0.0640625
1 0.37890625 0.26328125 0.040625 0.0609375
1 0.31953125 0.49375 0.065625 0.0828125
1 0.159375 0.37734375 0.09375 0.1359375
1 0.69609375 0.49921875 0.065625 0.078125
1 0.24609375 0.43203125 0.05625 0.065625
1 0.4015625 0.5421875 0.0640625 0.078125
1 0.55234375 0.33203125 0.034375 0.0671875
1 0.06328125 0.41328125 0.046875 0.06875
1 0.7359375 0.54921875 0.0453125 0.0703125
1 0.80078125 0.45546875 0.0640625 0.0671875
1 0.77421875 0.30859375 0.05625 0.071875
1 0.17890625 0.4890625 0.0375 0.06875
1 0.45390625 0.33828125 0.0625 0.0609375
1 0.06015625 0.48359375 0.0578125 0.059375
1 0.03515625 0.4015625 0.05625 0.0671875
1 0.91484375 0.52265625 0.0421875 0.084375
1 0.5296875 0.03359375 0.0453125 0.05
1 0.84921875 0.5390625 0.0578125 0.0671875
1 0.825 0.5796875 0.05625 0.0578125
1 0.7 0.265625 0.05625 0.0703125
1 0.51640625 0.46328125 0.046875 0.0734375
1 0.9171875 0.4359375 0.0546875 0.0765625
1 0.64140625 0.24375 0.0421875 0.0578125
1 0.59375 0.3640625 0.0625 0.071875
1 0.76328125 0.38984375 0.046875 0.0546875
1 0.47734375 0.0296875 0.0609375 0.059375
1 0.75078125 0.228125 0.04375 0.0515625
1 0.86796875 0.6296875 0.053125 0.0640625
1 0.6875 0.1703125 0.0421875 0.05
1 0.7796875 0.2453125 0.053125 0.059375
1 0.640625 0.44140625 0.1015625 0.1140625
1 0.965625 0.53359375 0.06875 0.0671875
1 0.8375 0.34609375 0.059375 0.0828125
1 0.9859375 0.4171875 0.028125 0.053125
1 0.68671875 0.346875 0.046875 0.0515625
1 0.4859375 0.303125 0.06875 0.0921875
1 0.6875 0.37421875 0.046875 0.0640625
1 0.9359375 0.3828125 0.0359375 0.0578125
1 0.63515625 0.16953125 0.0421875 0.0578125
1 0.6375 0.12890625 0.0453125 0.0390625
1 0.87890625 0.3203125 0.034375 0.0484375
1 0.81953125 0.2984375 0.0484375 0.059375
1 0.79765625 0.40859375 0.059375 0.053125
1 0.61953125 0.1546875 0.0390625 0.0421875
1 0.85078125 0.31328125 0.04375 0.053125
1 0.96640625 0.40859375 0.034375 0.0515625
1 0.93984375 0.4375 0.0375 0.0484375
1 0.89375 0.33828125 0.025 0.04375
1 0.675 0.42734375 0.0484375 0.0828125
1 0.91640625 0.3625 0.025 0.03125
1 0.83203125 0.41171875 0.05625 0.0484375
1 0.5671875 0.06796875 0.0328125 0.0359375
1 0.98671875 0.55625 0.0265625 0.040625