1 0.809375 0.53671875 0.0375 0.0421875
1 0.52265625 0.4953125 0.0375 0.0453125
1 0.4234375 0.53828125 0.028125 0.0390625
1 0.69140625 0.45625 0.0359375 0.05
1 0.7796875 0.53359375 0.0390625 0.05
1 0.7109375 0.440625 0.03125 0.0375
1 0.61015625 0.45859375 0.03125 0.040625
1 0.7640625 0.4984375 0.025 0.04375
1 0.74140625 0.484375 0.0359375 0.040625
1 0.80625 0.57578125 0.0421875 0.0453125
1 0.65390625 0.4453125 0.0359375 0.04375
1 0.6796875 0.48515625 0.040625 0.0484375
1 0.6453125 0.48125 0.0359375 0.0375