1 0.8109375 0.47734375 0.03125 0.0375
1 0.521875 0.490625 0.0296875 0.040625
1 0.43203125 0.55234375 0.021875 0.0359375
1 0.6796875 0.4203125 0.028125 0.0453125
1 0.78125 0.4796875 0.03125 0.0453125
1 0.69609375 0.4015625 0.025 0.034375
1 0.6 0.43828125 0.025 0.0375
1 0.75859375 0.44765625 0.0171875 0.040625
1 0.734375 0.4390625 0.0296875 0.0359375
1 0.81484375 0.515625 0.0359375 0.040625
1 0.640625 0.41640625 0.0296875 0.0390625
1 0.67421875 0.4515625 0.0328125 0.04375
1 0.6390625 0.45390625 0.03125 0.0328125