1 0.65859375 0.5875 0.06875 0.0765625
1 0.52265625 0.5703125 0.0484375 0.071875
1 0.0859375 0.5203125 0.04375 0.0703125
1 0.8015625 0.5984375 0.0484375 0.0828125
1 0.45078125 0.5609375 0.04375 0.0671875
1 0.57734375 0.58046875 0.053125 0.06875
1 0.134375 0.52265625 0.0359375 0.075
1 0.9515625 0.6296875 0.065625 0.065625
1 0.19140625 0.5375 0.0390625 0.065625
1 0.7125 0.59453125 0.040625 0.0671875
1 0.01796875 0.509375 0.0359375 0.065625
1 0.8640625 0.61328125 0.053125 0.0640625
1 0.25234375 0.54609375 0.0453125 0.0609375