1 0.328125 0.671875 0.0359375 0.06875
1 0.66171875 0.57890625 0.046875 0.05625
1 0.15703125 0.6625 0.05625 0.0578125
1 0.9578125 0.7125 0.046875 0.0734375
1 0.22890625 0.6375 0.0453125 0.0609375
1 0.9296875 0.32578125 0.040625 0.0609375
1 0.0171875 0.61953125 0.0265625 0.0609375
1 0.296875 0.67265625 0.0515625 0.0828125
1 0.3953125 0.51171875 0.040625 0.0546875
1 0.8234375 0.3546875 0.034375 0.0625
1 0.40234375 0.446875 0.0359375 0.0625
1 0.378125 0.6015625 0.046875 0.0625
1 0.4765625 0.6734375 0.046875 0.0609375
1 0.23671875 0.534375 0.0515625 0.0609375
1 0.1640625 0.72421875 0.04375 0.05
1 0.93203125 0.6109375 0.0421875 0.0546875
1 0.871875 0.47578125 0.046875 0.05625
1 0.9796875 0.33203125 0.028125 0.0765625
1 0.13359375 0.534375 0.04375 0.0609375
1 0.521875 0.6046875 0.0375 0.0578125
1 0.37734375 0.73984375 0.04375 0.0625
1 0.89296875 0.50703125 0.04375 0.0609375
1 0.03359375 0.66015625 0.0390625 0.05625
1 0.96875 0.41328125 0.046875 0.0578125
1 0.91171875 0.44921875 0.0453125 0.053125
1 0.575 0.584375 0.04375 0.0609375
1 0.71796875 0.4875 0.0453125 0.05625
1 0.11328125 0.82421875 0.040625 0.0671875
1 0.86328125 0.33984375 0.034375 0.0625
1 0.56640625 0.35859375 0.059375 0.0765625
1 0.0578125 0.4109375 0.046875 0.05
1 0.0546875 0.6984375 0.040625 0.065625
1 0.1890625 0.6015625 0.0453125 0.053125
1 0.6609375 0.6640625 0.0421875 0.0515625
1 0.08984375 0.4109375 0.0296875 0.053125
1 0.6140625 0.51015625 0.034375 0.0515625
1 0.2 0.478125 0.0484375 0.05625
1 0.99296875 0.59921875 0.0140625 0.0703125
1 0.1734375 0.4625 0.034375 0.05
1 0.0953125 0.70859375 0.0359375 0.0546875
1 0.29609375 0.47578125 0.0453125 0.05625
1 0.50546875 0.5453125 0.0453125 0.0546875
1 0.4828125 0.4578125 0.034375 0.0671875
1 0.609375 0.6625 0.071875 0.0796875
1 0.81953125 0.846875 0.05 0.0671875
1 0.37109375 0.5671875 0.046875 0.05
1 0.7546875 0.40546875 0.05 0.084375
1 0.60546875 0.6046875 0.040625 0.0578125
1 0.83671875 0.33671875 0.028125 0.05625
1 0.45703125 0.54140625 0.04375 0.0484375
1 0.71484375 0.3515625 0.03125 0.0578125
1 0.51171875 0.38046875 0.0484375 0.0578125
1 0.8578125 0.38515625 0.0390625 0.0484375
1 0.65390625 0.4359375 0.04375 0.0515625
1 0.3 0.55546875 0.05 0.0484375
1 0.459375 0.3390625 0.0359375 0.05
1 0.20703125 0.390625 0.04375 0.065625
1 0.60859375 0.46875 0.040625 0.059375
1 0.74765625 0.3484375 0.053125 0.078125
1 0.12734375 0.4375 0.0421875 0.0609375
1 0.534375 0.4109375 0.0375 0.05625
1 0.33203125 0.52734375 0.040625 0.0609375
1 0.325 0.36953125 0.04375 0.0578125
1 0.2828125 0.43828125 0.0265625 0.053125
1 0.49140625 0.346875 0.025 0.0421875
1 0.01640625 0.728125 0.0125 0.0390625
1 0.65234375 0.47421875 0.0390625 0.0578125
1 0.325 0.43203125 0.0375 0.0484375
1 0.24453125 0.3984375 0.0359375 0.06875
1 0.45 0.3796875 0.0359375 0.05625
1 0.3546875 0.4046875 0.04375 0.0859375
1 0.0078125 0.440625 0.015625 0.046875
1 0.16328125 0.3921875 0.034375 0.0734375
1 0.47578125 0.5625 0.0328125 0.046875
1 0.546875 0.471875 0.0453125 0.053125
1 0.621875 0.36015625 0.0421875 0.0515625
1 0.66328125 0.36875 0.0421875 0.0859375
1 0.9859375 0.4375 0.025 0.046875
1 0.3265625 0.4 0.0390625 0.053125
1 0.4015625 0.35 0.040625 0.0546875
1 0.42265625 0.3703125 0.0390625 0.0515625
1 0.86875 0.35234375 0.040625 0.04375
1 0.44140625 0.6375 0.040625 0.0578125
1 0.115625 0.5109375 0.065625 0.0671875
1 0.24140625 0.41484375 0.0359375 0.05
1 0.64609375 0.390625 0.04375 0.0734375
1 0.603125 0.39296875 0.0421875 0.0609375
1 0.01875 0.515625 0.0375 0.046875
1 0.6328125 0.40234375 0.0625 0.0671875
1 0.02109375 0.4703125 0.0421875 0.034375
1 0.7390625 0.3625 0.04375 0.0609375
1 0.1328125 0.4015625 0.0375 0.053125
1 0.43203125 0.40703125 0.04375 0.053125
1 0.4609375 0.6 0.040625 0.0484375