1 0.87578125 0.39140625 0.053125 0.0625
1 0.80234375 0.41484375 0.05 0.0703125
1 0.3265625 0.45859375 0.078125 0.0703125
1 0.76171875 0.4234375 0.0484375 0.06875
1 0.37578125 0.55546875 0.0484375 0.0578125
1 0.57265625 0.4921875 0.0453125 0.0515625
1 0.26171875 0.58984375 0.04375 0.0546875
1 0.30546875 0.57578125 0.046875 0.053125
1 0.7078125 0.44453125 0.040625 0.0609375
1 0.9734375 0.359375 0.053125 0.075
1 0.625 0.47421875 0.05 0.053125
1 0.67109375 0.45859375 0.0515625 0.0609375
1 0.49765625 0.52890625 0.034375 0.0328125