1 0.79921875 0.41328125 0.034375 0.040625
1 0.51953125 0.48671875 0.034375 0.04375
1 0.44453125 0.56484375 0.025 0.0375
1 0.65859375 0.384375 0.0328125 0.0484375
1 0.77109375 0.421875 0.0359375 0.0484375
1 0.67109375 0.36328125 0.028125 0.0375
1 0.58515625 0.41875 0.028125 0.0390625
1 0.7421875 0.3953125 0.021875 0.0421875
1 0.71640625 0.39140625 0.0328125 0.0390625
1 0.81171875 0.45 0.040625 0.04375
1 0.6203125 0.3890625 0.034375 0.0421875
1 0.66015625 0.41640625 0.0375 0.046875
1 0.6265625 0.42578125 0.034375 0.0359375