1 0.6703125 0.56171875 0.0671875 0.075
1 0.53359375 0.565625 0.046875 0.071875
1 0.09375 0.58515625 0.0421875 0.0703125
1 0.81328125 0.55 0.046875 0.0828125
1 0.4609375 0.56796875 0.0421875 0.0671875
1 0.5890625 0.5671875 0.0515625 0.0671875
1 0.1421875 0.5796875 0.0359375 0.075
1 0.96640625 0.5578125 0.0640625 0.0640625
1 0.2015625 0.58515625 0.0375 0.0640625
1 0.725 0.56015625 0.0390625 0.0671875
1 0.0234375 0.58515625 0.0375 0.065625
1 0.87734375 0.5546875 0.0515625 0.0625
1 0.2625 0.58359375 0.04375 0.0609375