1 0.34375 0.6859375 0.0421875 0.071875
1 0.66796875 0.56484375 0.0515625 0.0609375
1 0.17265625 0.6921875 0.0609375 0.0609375
1 0.9734375 0.67109375 0.053125 0.0765625
1 0.24140625 0.6609375 0.05 0.0640625
1 0.91328125 0.2890625 0.0453125 0.0640625
1 0.0296875 0.6609375 0.03125 0.0625
1 0.3125 0.68984375 0.0578125 0.0859375
1 0.39609375 0.52109375 0.0453125 0.0578125
1 0.809375 0.32734375 0.040625 0.0640625
1 0.3984375 0.45625 0.040625 0.0640625
1 0.3875 0.61171875 0.053125 0.065625
1 0.49140625 0.675 0.0515625 0.0640625
1 0.240625 0.55703125 0.05625 0.065625
1 0.18515625 0.75234375 0.0484375 0.053125
1 0.93984375 0.57265625 0.046875 0.0578125
1 0.86875 0.44375 0.0515625 0.059375
1 0.9625 0.290625 0.034375 0.078125
1 0.1375 0.565625 0.0484375 0.0640625
1 0.53125 0.60234375 0.0421875 0.059375
1 0.3984375 0.74921875 0.05 0.065625
1 0.8921875 0.47265625 0.05 0.0640625
1 0.04921875 0.7 0.04375 0.059375
1 0.959375 0.3734375 0.0515625 0.0609375
1 0.90625 0.4140625 0.0484375 0.05625
1 0.58203125 0.57734375 0.05 0.0640625
1 0.715625 0.46875 0.05 0.059375
1 0.14296875 0.85703125 0.0453125 0.0703125
1 0.84765625 0.309375 0.040625 0.0640625
1 0.55390625 0.35390625 0.065625 0.08125
1 0.05234375 0.45 0.05 0.0546875
1 0.0734375 0.73671875 0.0453125 0.0671875
1 0.19921875 0.628125 0.0484375 0.05625
1 0.675 0.65 0.0453125 0.0546875
1 0.08359375 0.446875 0.034375 0.05625
1 0.61484375 0.50078125 0.0390625 0.0546875
1 0.19921875 0.5046875 0.053125 0.059375
1 0.99453125 0.55546875 0.0109375 0.0703125
1 0.17109375 0.490625 0.0390625 0.0515625
1 0.115625 0.74375 0.040625 0.0578125
1 0.29453125 0.49296875 0.05 0.059375
1 0.509375 0.54453125 0.0484375 0.0578125
1 0.4796875 0.459375 0.040625 0.06875
1 0.6234375 0.65234375 0.078125 0.084375
1 0.8484375 0.81796875 0.0546875 0.0703125
1 0.37734375 0.578125 0.05 0.053125
1 0.7453125 0.38359375 0.05625 0.0890625
1 0.6140625 0.5953125 0.0453125 0.059375
1 0.82109375 0.3078125 0.0328125 0.0578125
1 0.4609375 0.5453125 0.046875 0.0515625
1 0.7015625 0.33359375 0.0359375 0.059375
1 0.5015625 0.3796875 0.053125 0.0609375
1 0.84609375 0.35390625 0.0421875 0.0515625
1 0.64765625 0.42265625 0.0484375 0.0546875
1 0.30625 0.57265625 0.053125 0.0515625
1 0.4453125 0.34375 0.0390625 0.053125
1 0.1984375 0.4171875 0.0484375 0.06875
1 0.60546875 0.459375 0.0453125 0.0625
1 0.73359375 0.32734375 0.059375 0.08125
1 0.1234375 0.4703125 0.046875 0.0640625
1 0.5265625 0.4078125 0.0421875 0.059375
1 0.334375 0.5421875 0.0453125 0.0640625
1 0.3140625 0.3859375 0.0484375 0.0609375
1 0.278125 0.4578125 0.03125 0.0546875
1 0.478125 0.3484375 0.0296875 0.04375
1 0.03828125 0.76953125 0.015625 0.0390625
1 0.64921875 0.4609375 0.04375 0.0609375
1 0.31953125 0.446875 0.040625 0.05
1 0.23671875 0.42109375 0.0421875 0.071875
1 0.43984375 0.384375 0.040625 0.0578125
1 0.346875 0.4171875 0.0515625 0.0890625
1 0.00703125 0.48359375 0.0140625 0.0484375
1 0.15546875 0.421875 0.040625 0.0765625
1 0.48125 0.5640625 0.0359375 0.05
1 0.54453125 0.46796875 0.05 0.0578125
1 0.609375 0.35 0.0453125 0.0546875
1 0.6515625 0.3546875 0.05 0.0890625
1 0.978125 0.3953125 0.0296875 0.0484375
1 0.31875 0.415625 0.0421875 0.05625
1 0.3890625 0.359375 0.0453125 0.0578125
1 0.41171875 0.37734375 0.04375 0.053125
1 0.85390625 0.32109375 0.0453125 0.046875
1 0.45390625 0.6421875 0.0453125 0.0609375
1 0.11796875 0.54453125 0.0703125 0.071875
1 0.23515625 0.4375 0.040625 0.053125
1 0.6359375 0.378125 0.05 0.0765625
1 0.59375 0.384375 0.0484375 0.0640625
1 0.021875 0.5578125 0.04375 0.05
1 0.6234375 0.39140625 0.0671875 0.071875
1 0.02109375 0.5125 0.0421875 0.0375
1 0.7265625 0.3421875 0.0484375 0.0640625
1 0.12578125 0.434375 0.040625 0.0546875
1 0.42421875 0.41328125 0.046875 0.05625
1 0.46953125 0.603125 0.04375 0.0515625