1 0.3109375 0.3484375 0.153125 0.1625
1 0.73828125 0.8484375 0.103125 0.1359375
1 0.20390625 0.2078125 0.1171875 0.1
1 0.06875 0.27265625 0.0640625 0.065625
1 0.3921875 0.25703125 0.04375 0.0625
1 0.3203125 0.484375 0.06875 0.084375
1 0.16640625 0.359375 0.0984375 0.1390625
1 0.69609375 0.509375 0.06875 0.08125
1 0.25 0.41875 0.059375 0.0671875
1 0.39921875 0.53671875 0.0671875 0.0796875
1 0.56171875 0.33515625 0.0375 0.0671875
1 0.06875 0.390625 0.0484375 0.0703125
1 0.7328125 0.56171875 0.0484375 0.0703125
1 0.80234375 0.471875 0.0671875 0.0703125
1 0.78359375 0.3234375 0.059375 0.0734375
1 0.18046875 0.471875 0.040625 0.0703125
1 0.4625 0.3359375 0.065625 0.0640625
1 0.06171875 0.46015625 0.059375 0.0609375
1 0.04140625 0.37734375 0.0578125 0.06875
1 0.91328125 0.54453125 0.0453125 0.084375
1 0.55390625 0.03515625 0.046875 0.0515625
1 0.84609375 0.5578125 0.0609375 0.06875
1 0.8203125 0.596875 0.0578125 0.0609375
1 0.71171875 0.2765625 0.059375 0.071875
1 0.51796875 0.4640625 0.05 0.0734375
1 0.9203125 0.4578125 0.0578125 0.078125
1 0.6546875 0.2515625 0.04375 0.0578125
1 0.60078125 0.36875 0.065625 0.075
1 0.76875 0.40390625 0.0484375 0.05625
1 0.5015625 0.0296875 0.0625 0.059375
1 0.76484375 0.24140625 0.0453125 0.053125
1 0.8609375 0.6484375 0.0546875 0.065625
1 0.7046875 0.18046875 0.04375 0.0515625
1 0.79296875 0.26015625 0.0546875 0.0609375
1 0.64375 0.44921875 0.10625 0.1171875
1 0.96328125 0.55859375 0.0734375 0.0703125
1 0.8453125 0.3640625 0.0625 0.084375
1 0.9875 0.44453125 0.025 0.0546875
1 0.69453125 0.35703125 0.05 0.053125
1 0.49609375 0.303125 0.071875 0.09375
1 0.69375 0.38359375 0.05 0.065625
1 0.94140625 0.40625 0.0375 0.0578125
1 0.65234375 0.17734375 0.04375 0.0578125
1 0.65625 0.1359375 0.046875 0.040625
1 0.8875 0.340625 0.0359375 0.05
1 0.8296875 0.315625 0.05 0.0609375
1 0.80234375 0.42421875 0.0609375 0.05625
1 0.6375 0.16171875 0.040625 0.04375
1 0.86015625 0.33203125 0.0453125 0.0546875
1 0.9703125 0.4328125 0.0359375 0.053125
1 0.94296875 0.4609375 0.0390625 0.0484375
1 0.9015625 0.359375 0.028125 0.04375
1 0.67890625 0.43671875 0.0515625 0.084375
1 0.9234375 0.384375 0.0265625 0.0328125
1 0.8359375 0.42890625 0.0578125 0.0515625
1 0.5890625 0.071875 0.034375 0.0359375
1 0.98359375 0.58203125 0.028125 0.040625