1 0.19453125 0.40859375 0.0375 0.046875
1 0.60703125 0.3203125 0.0234375 0.0515625
1 0.7515625 0.4515625 0.0234375 0.0359375
1 0.553125 0.2828125 0.028125 0.04375
1 0.34921875 0.2984375 0.034375 0.0453125
1 0.7484375 0.38203125 0.025 0.0421875
1 0.35546875 0.56953125 0.0421875 0.04375
1 0.50859375 0.55546875 0.03125 0.046875
1 0.4859375 0.3796875 0.028125 0.0375
1 0.67109375 0.53125 0.028125 0.046875
1 0.425 0.35546875 0.0390625 0.0375
1 0.42421875 0.296875 0.0296875 0.034375
1 0.41953125 0.32265625 0.0359375 0.040625
1 0.6875 0.4890625 0.028125 0.0421875
1 0.54296875 0.3203125 0.03125 0.0328125
1 0.5609375 0.35078125 0.040625 0.0328125
1 0.49765625 0.34140625 0.034375 0.040625
1 0.4625 0.25625 0.0234375 0.034375
1 0.596875 0.56484375 0.0359375 0.0453125
1 0.5515625 0.4703125 0.040625 0.0421875
1 0.578125 0.38828125 0.0328125 0.0375
1 0.56171875 0.57578125 0.0390625 0.04375
1 0.7890625 0.534375 0.0421875 0.0484375
1 0.4109375 0.30859375 0.0265625 0.0359375
1 0.30625 0.3546875 0.0296875 0.040625
1 0.24296875 0.56640625 0.034375 0.040625
1 0.48515625 0.2953125 0.0265625 0.0296875