1 0.86484375 0.359375 0.05 0.059375
1 0.79375 0.38828125 0.046875 0.06875
1 0.3234375 0.47421875 0.075 0.0671875
1 0.75390625 0.40078125 0.0453125 0.0671875
1 0.38046875 0.56640625 0.0453125 0.0546875
1 0.571875 0.4859375 0.0421875 0.0484375
1 0.2703125 0.61015625 0.0421875 0.053125
1 0.3125 0.5921875 0.0453125 0.0515625
1 0.7015625 0.4265625 0.0375 0.0578125
1 0.965625 0.31875 0.059375 0.071875
1 0.621875 0.46328125 0.046875 0.0515625
1 0.6671875 0.44375 0.0484375 0.0578125
1 0.50078125 0.52890625 0.0328125 0.03125