1 0.2171875 0.35234375 0.0453125 0.0515625
1 0.63984375 0.34375 0.0328125 0.0546875
1 0.75625 0.5 0.028125 0.0390625
1 0.59296875 0.296875 0.0359375 0.0484375
1 0.390625 0.2734375 0.0421875 0.05
1 0.76640625 0.43203125 0.0328125 0.0453125
1 0.34453125 0.54140625 0.05 0.05
1 0.4984375 0.55625 0.0390625 0.0515625
1 0.509375 0.37890625 0.034375 0.0421875
1 0.6625 0.56328125 0.0359375 0.05
1 0.45390625 0.34375 0.04375 0.04375
1 0.46484375 0.2859375 0.034375 0.0390625
1 0.4546875 0.3109375 0.0421875 0.0453125
1 0.6859375 0.525 0.034375 0.0453125
1 0.5765625 0.33125 0.0359375 0.0375
1 0.58828125 0.36484375 0.0453125 0.0390625
1 0.528125 0.34375 0.040625 0.0453125
1 0.51015625 0.25390625 0.0296875 0.0375
1 0.5828125 0.58203125 0.04375 0.05
1 0.55625 0.48125 0.046875 0.0484375
1 0.59765625 0.40546875 0.0390625 0.0421875
1 0.54609375 0.58671875 0.046875 0.05
1 0.77734375 0.5890625 0.05 0.0546875
1 0.44921875 0.29453125 0.03125 0.040625
1 0.3375 0.3203125 0.0359375 0.04375
1 0.23515625 0.51640625 0.040625 0.0453125
1 0.52421875 0.29609375 0.03125 0.034375