1 0.87109375 0.29609375 0.034375 0.04375
1 0.13203125 0.4859375 0.03125 0.0359375
1 0.9125 0.2828125 0.034375 0.040625
1 0.0546875 0.503125 0.0296875 0.0375
1 0.8265625 0.3125 0.028125 0.028125
1 0.953125 0.2828125 0.0296875 0.03125
1 0.40390625 0.4171875 0.028125 0.034375
1 0.75703125 0.325 0.0328125 0.0328125
1 0.16484375 0.48515625 0.034375 0.028125
1 0.64375 0.3578125 0.0234375 0.028125
1 0.98671875 0.2703125 0.0265625 0.03125
1 0.71640625 0.340625 0.0234375 0.025
1 0.353125 0.425 0.028125 0.0421875
1 0.21640625 0.465625 0.0265625 0.034375
1 0.7859375 0.31875 0.0328125 0.034375
1 0.515625 0.3921875 0.0359375 0.0328125
1 0.4609375 0.409375 0.0234375 0.0296875
1 0.6875 0.346875 0.0265625 0.025
1 0.115625 0.60859375 0.028125 0.0328125
1 0.54609375 0.38125 0.025 0.028125
1 0.384375 0.42109375 0.028125 0.0421875
1 0.43046875 0.4171875 0.021875 0.025
1 0.20078125 0.5875 0.0265625 0.0375
1 0.0046875 0.52265625 0.009375 0.0296875
1 0.28359375 0.565625 0.0265625 0.0375
1 0.48203125 0.40234375 0.028125 0.028125
1 0.36875 0.540625 0.025 0.0328125
1 0.5671875 0.3796875 0.0234375 0.025
1 0.0203125 0.5203125 0.0234375 0.025
1 0.60234375 0.37265625 0.03125 0.028125
1 0.734375 0.44609375 0.0265625 0.0328125
1 0.4703125 0.40703125 0.0359375 0.0359375
1 0.3203125 0.4453125 0.0265625 0.0265625
1 0.0328125 0.6234375 0.028125 0.03125
1 0.05859375 0.60390625 0.0265625 0.0375
1 0.96484375 0.37890625 0.0234375 0.03125
1 0.259375 0.46015625 0.025 0.0265625