1 0.48125 0.81171875 0.0140625 0.0390625
1 0.38828125 0.82421875 0.0140625 0.0390625
1 0.4640625 0.81484375 0.0125 0.0375
1 0.44921875 0.82109375 0.0171875 0.034375
1 0.49453125 0.81171875 0.0125 0.0375
1 0.77890625 0.778125 0.015625 0.0390625
1 0.76171875 0.77734375 0.0125 0.0375
1 0.2984375 0.83359375 0.0125 0.0359375
1 0.6984375 0.78671875 0.0140625 0.0390625
1 0.178125 0.8484375 0.0125 0.0390625
1 0.265625 0.83828125 0.0109375 0.0375
1 0.75 0.77890625 0.0140625 0.0390625
1 0.203125 0.85078125 0.0125 0.0359375
1 0.165625 0.8546875 0.0125 0.034375
1 0.5046875 0.81328125 0.0125 0.0328125
1 0.7359375 0.7796875 0.0203125 0.0421875
1 0.71015625 0.78828125 0.0125 0.03125
1 0.41484375 0.8234375 0.0125 0.0359375
1 0.34296875 0.8296875 0.0125 0.0375
1 0.31015625 0.83359375 0.0125 0.0359375
1 0.31953125 0.83203125 0.0125 0.0375
1 0.33046875 0.83125 0.0125 0.0375
1 0.51640625 0.80703125 0.0125 0.0375
1 0.671875 0.78984375 0.0125 0.0390625
1 0.27578125 0.83828125 0.0125 0.0359375
1 0.42734375 0.82265625 0.0125 0.034375
1 0.6828125 0.78828125 0.0140625 0.0421875
1 0.365625 0.8296875 0.0125 0.0328125
1 0.21484375 0.85234375 0.0140625 0.040625
1 0.72265625 0.78203125 0.0140625 0.0390625
1 0.39921875 0.82578125 0.0125 0.0375
1 0.2546875 0.83984375 0.0140625 0.040625
1 0.18984375 0.84921875 0.0125 0.0390625
1 0.3765625 0.82734375 0.0125 0.034375
1 0.53203125 0.80546875 0.0125 0.0390625
1 0.35390625 0.8328125 0.0125 0.034375
1 0.6484375 0.78984375 0.0125 0.04375
1 0.625 0.79453125 0.0125 0.0390625
1 0.56796875 0.80234375 0.0109375 0.0375
1 0.60078125 0.79765625 0.0125 0.0390625
1 0.15234375 0.85625 0.0125 0.040625
1 0.659375 0.78828125 0.0125 0.0453125
1 0.5796875 0.8015625 0.0125 0.034375
1 0.140625 0.8578125 0.0109375 0.0359375
1 0.7921875 0.78046875 0.015625 0.034375
1 0.6109375 0.79609375 0.0140625 0.040625
1 0.54296875 0.8046875 0.0140625 0.0390625
1 0.2859375 0.8359375 0.0125 0.0375
1 0.81015625 0.7796875 0.021875 0.0375
1 0.68671875 0.78671875 0.171875 0.0703125
1 0.1296875 0.8609375 0.0109375 0.0359375
1 0.3265625 0.83203125 0.171875 0.075
1 0.5421875 0.803125 0.1421875 0.065625
1 0.5546875 0.80390625 0.0125 0.0359375
1 0.23671875 0.8484375 0.0125 0.0296875
1 0.6109375 0.7953125 0.1515625 0.0671875
1 0.63515625 0.79453125 0.0125 0.0390625
1 0.58828125 0.796875 0.0125 0.0421875
1 0.24765625 0.83984375 0.16875 0.0734375
1 0.24609375 0.84375 0.0125 0.0359375