1 0.31640625 0.659375 0.034375 0.0671875
1 0.65546875 0.58984375 0.0453125 0.0546875
1 0.146875 0.63828125 0.0546875 0.05625
1 0.9421875 0.74375 0.0453125 0.071875
1 0.21953125 0.61875 0.04375 0.059375
1 0.940625 0.35625 0.0390625 0.059375
1 0.0109375 0.584375 0.021875 0.059375
1 0.28515625 0.6578125 0.0484375 0.08125
1 0.39453125 0.5046875 0.0390625 0.053125
1 0.8328125 0.37734375 0.0328125 0.0609375
1 0.40625 0.440625 0.0328125 0.0609375
1 0.37109375 0.59296875 0.0453125 0.0609375
1 0.4640625 0.67109375 0.0453125 0.059375
1 0.23515625 0.515625 0.05 0.059375
1 0.14921875 0.7 0.0421875 0.0484375
1 0.9234375 0.640625 0.040625 0.053125
1 0.87265625 0.5015625 0.0453125 0.0546875
1 0.98828125 0.365625 0.0234375 0.075
1 0.13203125 0.50859375 0.0421875 0.059375
1 0.51484375 0.60546875 0.0359375 0.05625
1 0.3609375 0.73046875 0.0421875 0.0609375
1 0.89140625 0.534375 0.0421875 0.059375
1 0.0234375 0.6265625 0.0375 0.0546875
1 0.9734375 0.446875 0.0453125 0.05625
1 0.91484375 0.478125 0.04375 0.0515625
1 0.56875 0.58984375 0.0421875 0.059375
1 0.71796875 0.503125 0.04375 0.0546875
1 0.09140625 0.796875 0.0375 0.065625
1 0.8734375 0.365625 0.0328125 0.0609375
1 0.57578125 0.3640625 0.05625 0.075
1 0.065625 0.38046875 0.0453125 0.0484375
1 0.04140625 0.6671875 0.0375 0.0640625
1 0.1828125 0.5796875 0.04375 0.0515625
1 0.64921875 0.675 0.040625 0.05
1 0.09765625 0.3828125 0.028125 0.053125
1 0.61328125 0.51875 0.0328125 0.05
1 0.20234375 0.45703125 0.046875 0.0546875
1 0.98828125 0.634375 0.0203125 0.06875
1 0.1765625 0.43984375 0.0328125 0.0484375
1 0.08203125 0.68046875 0.034375 0.053125
1 0.2984375 0.4609375 0.04375 0.0546875
1 0.50234375 0.5453125 0.04375 0.053125
1 0.4859375 0.45703125 0.0328125 0.065625
1 0.59765625 0.66953125 0.0703125 0.0765625
1 0.79453125 0.86875 0.0484375 0.065625
1 0.3671875 0.5578125 0.0453125 0.0484375
1 0.7609375 0.4234375 0.046875 0.0828125
1 0.5984375 0.61171875 0.0390625 0.05625
1 0.846875 0.3609375 0.0265625 0.0546875
1 0.45390625 0.53828125 0.0421875 0.046875
1 0.725 0.3671875 0.0296875 0.05625
1 0.5203125 0.38125 0.046875 0.05625
1 0.86484375 0.41015625 0.0375 0.046875
1 0.6578125 0.446875 0.0421875 0.05
1 0.296875 0.54140625 0.0484375 0.046875
1 0.47109375 0.33671875 0.034375 0.0484375
1 0.215625 0.37109375 0.0421875 0.0640625
1 0.6109375 0.47578125 0.0390625 0.0578125
1 0.7578125 0.36640625 0.0515625 0.0765625
1 0.1328125 0.41171875 0.040625 0.059375
1 0.540625 0.41328125 0.0359375 0.0546875
1 0.33046875 0.515625 0.0390625 0.059375
1 0.334375 0.3578125 0.0421875 0.05625
1 0.2875 0.4234375 0.025 0.0515625
1 0.5015625 0.346875 0.0234375 0.0421875
1 0.00390625 0.69296875 0.0078125 0.0390625
1 0.653125 0.484375 0.0375 0.05625
1 0.33046875 0.41953125 0.0359375 0.046875
1 0.25234375 0.38046875 0.034375 0.0671875
1 0.45859375 0.3765625 0.034375 0.0546875
1 0.36171875 0.39453125 0.040625 0.084375
1 0.0109375 0.40703125 0.0203125 0.046875
1 0.171875 0.36953125 0.0328125 0.0734375
1 0.471875 0.56015625 0.03125 0.046875
1 0.54921875 0.475 0.04375 0.0515625
1 0.63125 0.36875 0.040625 0.05
1 0.67265625 0.38046875 0.0390625 0.084375
1 0.98828125 0.47109375 0.0234375 0.0453125
1 0.33359375 0.38828125 0.0375 0.0515625
1 0.41171875 0.34375 0.0390625 0.053125
1 0.43203125 0.36484375 0.0375 0.05
1 0.878125 0.378125 0.0390625 0.0421875
1 0.43203125 0.63359375 0.0390625 0.05625
1 0.115625 0.48359375 0.0640625 0.065625
1 0.24765625 0.396875 0.034375 0.0484375
1 0.653125 0.40078125 0.0421875 0.071875
1 0.61015625 0.4 0.040625 0.059375
1 0.01875 0.48203125 0.0375 0.0453125
1 0.6390625 0.41171875 0.059375 0.065625
1 0.0234375 0.43671875 0.04375 0.0328125
1 0.7484375 0.3796875 0.0421875 0.059375
1 0.140625 0.3765625 0.0359375 0.0515625
1 0.43828125 0.403125 0.0421875 0.0515625
1 0.45390625 0.596875 0.0390625 0.046875