1 0.83125 0.2921875 0.0609375 0.0671875
1 0.76640625 0.334375 0.059375 0.075
1 0.321875 0.50859375 0.0859375 0.0796875
1 0.73046875 0.3546875 0.0578125 0.0734375
1 0.3953125 0.5875 0.0546875 0.0625
1 0.56796875 0.47265625 0.05 0.05625
1 0.29609375 0.65234375 0.05 0.059375
1 0.33359375 0.6265625 0.053125 0.059375
1 0.684375 0.38984375 0.046875 0.0640625
1 0.92265625 0.2328125 0.071875 0.08125
1 0.6125 0.440625 0.05625 0.059375
1 0.653125 0.41328125 0.0578125 0.065625
1 0.50625 0.528125 0.0390625 0.0359375