1 0.45390625 0.80859375 0.009375 0.0390625
1 0.36015625 0.81328125 0.009375 0.0390625
1 0.43671875 0.81015625 0.009375 0.0375
1 0.42109375 0.815625 0.0140625 0.0328125
1 0.4671875 0.81015625 0.009375 0.0375
1 0.75390625 0.80078125 0.0109375 0.0390625
1 0.73671875 0.79921875 0.009375 0.0375
1 0.2703125 0.81484375 0.009375 0.0359375
1 0.67265625 0.803125 0.009375 0.0390625
1 0.14921875 0.81953125 0.0078125 0.0390625
1 0.23671875 0.81640625 0.0078125 0.0375
1 0.725 0.8 0.009375 0.0390625
1 0.1734375 0.8234375 0.009375 0.0359375
1 0.1359375 0.82421875 0.009375 0.034375
1 0.47734375 0.8125 0.009375 0.0328125
1 0.7109375 0.79921875 0.015625 0.040625
1 0.684375 0.80546875 0.009375 0.03125
1 0.38671875 0.81484375 0.009375 0.034375
1 0.31484375 0.81484375 0.009375 0.0375
1 0.28203125 0.815625 0.009375 0.0359375
1 0.29140625 0.815625 0.009375 0.0375
1 0.30234375 0.81484375 0.009375 0.0375
1 0.48984375 0.80703125 0.009375 0.0375
1 0.64609375 0.80390625 0.0078125 0.0390625
1 0.246875 0.81796875 0.009375 0.0359375
1 0.39921875 0.81484375 0.009375 0.0328125
1 0.65703125 0.803125 0.009375 0.0421875
1 0.3375 0.8171875 0.009375 0.0328125
1 0.18515625 0.82578125 0.0109375 0.0390625
1 0.69765625 0.80078125 0.0109375 0.0390625
1 0.37109375 0.815625 0.009375 0.0359375
1 0.22578125 0.8171875 0.009375 0.040625
1 0.16015625 0.82109375 0.0078125 0.0390625
1 0.3484375 0.81484375 0.009375 0.034375
1 0.50546875 0.80703125 0.009375 0.0390625
1 0.32578125 0.81875 0.009375 0.034375
1 0.62265625 0.8015625 0.009375 0.04375
1 0.59921875 0.8046875 0.0078125 0.0390625
1 0.54140625 0.80703125 0.0078125 0.0375
1 0.575 0.8046875 0.0078125 0.0390625
1 0.12265625 0.82421875 0.009375 0.040625
1 0.63359375 0.80078125 0.009375 0.0453125
1 0.553125 0.8078125 0.009375 0.034375
1 0.1109375 0.825 0.0078125 0.0359375
1 0.76640625 0.8046875 0.0125 0.034375
1 0.58515625 0.8046875 0.0109375 0.0390625
1 0.51640625 0.8078125 0.009375 0.0390625
1 0.2578125 0.815625 0.009375 0.0375
1 0.784375 0.80546875 0.01875 0.0359375
1 0.6609375 0.8015625 0.1671875 0.05625
1 0.09921875 0.82734375 0.0078125 0.0359375
1 0.2984375 0.815625 0.16875 0.0609375
1 0.515625 0.80625 0.1375 0.0546875
1 0.528125 0.80703125 0.009375 0.0359375
1 0.20703125 0.82421875 0.009375 0.0296875
1 0.58515625 0.80390625 0.1484375 0.0546875
1 0.609375 0.80546875 0.009375 0.0390625
1 0.5625 0.80390625 0.0078125 0.0421875
1 0.21875 0.81640625 0.165625 0.059375
1 0.2171875 0.8203125 0.009375 0.0359375