1 0.49140625 0.55234375 0.0671875 0.1625
1 0.05703125 0.3796875 0.0953125 0.1984375
1 0.67109375 0.62109375 0.0671875 0.1703125
1 0.38359375 0.49921875 0.0859375 0.1828125
1 0.3078125 0.49140625 0.075 0.1671875
1 0.2203125 0.446875 0.06875 0.175
1 0.1234375 0.4328125 0.090625 0.1546875
1 0.7640625 0.678125 0.0578125 0.153125
1 0.9609375 0.640625 0.0671875 0.1046875
1 0.953125 0.75625 0.071875 0.1609375
1 0.89296875 0.665625 0.0625 0.125
1 0.84453125 0.7359375 0.078125 0.1125
1 0.69765625 0.70234375 0.0265625 0.0375