1 0.50078125 0.553125 0.071875 0.1640625
1 0.046875 0.4578125 0.09375 0.2
1 0.6890625 0.5890625 0.071875 0.171875
1 0.38515625 0.51953125 0.0921875 0.184375
1 0.309375 0.525 0.0796875 0.16875
1 0.21484375 0.49609375 0.075 0.1765625
1 0.1171875 0.49921875 0.0953125 0.1578125
1 0.790625 0.6296875 0.0625 0.1546875
1 0.97109375 0.5578125 0.0578125 0.10625
1 0.97578125 0.67421875 0.0484375 0.1640625
1 0.91640625 0.59453125 0.0671875 0.1265625
1 0.88046875 0.671875 0.08125 0.1140625
1 0.7296875 0.66484375 0.0265625 0.0375