1 0.50625 0.553125 0.0875 0.1671875
1 0.05078125 0.50625 0.1015625 0.20625
1 0.69765625 0.56875 0.0890625 0.175
1 0.3875 0.53125 0.109375 0.1890625
1 0.31328125 0.54453125 0.0953125 0.1734375
1 0.21640625 0.52578125 0.090625 0.1796875
1 0.11953125 0.5390625 0.109375 0.1640625
1 0.803125 0.5984375 0.0765625 0.1578125
1 0.97109375 0.50703125 0.0578125 0.1109375
1 0.9796875 0.62109375 0.040625 0.1671875
1 0.9234375 0.55078125 0.078125 0.13125
1 0.89609375 0.63125 0.0921875 0.1203125
1 0.7453125 0.640625 0.0296875 0.040625