1 0.0828125 0.5890625 0.021875 0.0390625
1 0.1015625 0.5640625 0.025 0.0359375
1 0.61484375 0.171875 0.01875 0.028125
1 0.48984375 0.14453125 0.0203125 0.0328125
1 0.553125 0.159375 0.0265625 0.0421875
1 0.58984375 0.16484375 0.0203125 0.03125
1 0.5203125 0.15390625 0.0234375 0.0328125
1 0.31796875 0.240625 0.0203125 0.028125
1 0.29609375 0.26875 0.0203125 0.0359375
1 0.13125 0.5203125 0.0203125 0.03125
1 0.64921875 0.178125 0.0203125 0.03125
1 0.440625 0.13671875 0.0203125 0.0265625
1 0.28125 0.2984375 0.01875 0.0296875
1 0.39765625 0.12734375 0.0171875 0.0203125
1 0.465625 0.14140625 0.0203125 0.0328125
1 0.353125 0.184375 0.01875 0.03125
1 0.415625 0.1296875 0.0296875 0.040625
1 0.33671875 0.209375 0.028125 0.034375
1 0.153125 0.48984375 0.021875 0.0296875
1 0.34921875 0.19296875 0.01875 0.0296875
1 0.2640625 0.32109375 0.021875 0.0328125
1 0.1671875 0.4671875 0.0203125 0.0296875
1 0.3328125 0.2328125 0.015625 0.01875
1 0.38671875 0.14296875 0.053125 0.0453125