1 0.08125 0.41875 0.0203125 0.0390625
1 0.10859375 0.403125 0.0234375 0.0359375
1 0.734375 0.24296875 0.0171875 0.028125
1 0.6296875 0.16875 0.01875 0.0328125
1 0.68203125 0.20703125 0.025 0.0421875
1 0.7140625 0.2265625 0.01875 0.03125
1 0.65390625 0.1890625 0.021875 0.0328125
1 0.434375 0.18984375 0.01875 0.0265625
1 0.40234375 0.2078125 0.01875 0.0359375
1 0.15234375 0.37421875 0.01875 0.0296875
1 0.76328125 0.2625 0.01875 0.03125
1 0.5875 0.14296875 0.0203125 0.0265625
1 0.37734375 0.22890625 0.0171875 0.0296875
1 0.5515625 0.1171875 0.0171875 0.01875
1 0.6078125 0.15625 0.01875 0.03125
1 0.48828125 0.15234375 0.01875 0.03125
1 0.56640625 0.1265625 0.028125 0.040625
1 0.46328125 0.16796875 0.0265625 0.0328125
1 0.184375 0.3546875 0.0203125 0.0296875
1 0.48046875 0.15859375 0.0171875 0.0296875
1 0.35234375 0.24296875 0.0203125 0.0328125
1 0.20625 0.33984375 0.01875 0.028125
1 0.45 0.1890625 0.015625 0.0171875
1 0.5359375 0.12734375 0.0515625 0.04375