1 0.0796875 0.4265625 0.0203125 0.0390625
1 0.10703125 0.41015625 0.021875 0.0359375
1 0.7296875 0.2390625 0.0171875 0.028125
1 0.62421875 0.1671875 0.01875 0.0328125
1 0.6765625 0.20390625 0.025 0.0421875
1 0.709375 0.2234375 0.01875 0.03125
1 0.6484375 0.18671875 0.021875 0.03125
1 0.42890625 0.19140625 0.01875 0.0265625
1 0.39765625 0.209375 0.0171875 0.0359375
1 0.15 0.38046875 0.01875 0.0296875
1 0.759375 0.2578125 0.0171875 0.03125
1 0.58125 0.14140625 0.01875 0.0265625
1 0.37265625 0.23125 0.0171875 0.0296875
1 0.5453125 0.11640625 0.0171875 0.01875
1 0.60234375 0.1546875 0.01875 0.03125
1 0.48203125 0.15234375 0.0171875 0.03125
1 0.56015625 0.125 0.028125 0.0390625
1 0.4578125 0.16875 0.0265625 0.0328125
1 0.18203125 0.36015625 0.0203125 0.0296875
1 0.475 0.159375 0.0171875 0.0296875
1 0.3484375 0.24609375 0.01875 0.0328125
1 0.203125 0.34453125 0.01875 0.028125
1 0.44453125 0.18984375 0.0140625 0.0171875
1 0.52890625 0.1265625 0.0515625 0.0421875