1 0.9640625 0.5546875 0.071875 0.078125
1 0.834375 0.54453125 0.065625 0.0515625
1 0.6515625 0.690625 0.071875 0.04375
1 0.83046875 0.4953125 0.0375 0.0375
1 0.234375 0.7171875 0.05 0.05625
1 0.1578125 0.65546875 0.0671875 0.05
1 0.8875 0.17421875 0.0734375 0.0515625
1 0.875 0.45390625 0.04375 0.0421875
1 0.54765625 0.11171875 0.090625 0.1
1 0.93515625 0.4015625 0.06875 0.0390625
1 0.74296875 0.590625 0.071875 0.046875
1 0.240625 0.7953125 0.0515625 0.04375
1 0.16328125 0.78359375 0.0453125 0.0375
1 0.271875 0.83125 0.0703125 0.14375
1 0.76328125 0.6796875 0.1265625 0.1328125
1 0.18515625 0.79765625 0.0859375 0.053125
1 0.70625 0.615625 0.0421875 0.0390625
1 0.53515625 0.171875 0.10625 0.0796875
1 0.1 0.7296875 0.190625 0.19375