1 0.95390625 0.6203125 0.0796875 0.0828125
1 0.825 0.590625 0.06875 0.05625
1 0.6234375 0.71015625 0.075 0.0484375
1 0.828125 0.54140625 0.040625 0.0390625
1 0.20703125 0.678125 0.053125 0.059375
1 0.1390625 0.60625 0.0703125 0.0546875
1 0.92890625 0.23125 0.0765625 0.05625
1 0.878125 0.50703125 0.046875 0.0453125
1 0.60078125 0.121875 0.096875 0.10625
1 0.94453125 0.46328125 0.0703125 0.04375
1 0.728125 0.6234375 0.075 0.0515625
1 0.20234375 0.75625 0.0546875 0.046875
1 0.12734375 0.734375 0.0484375 0.040625
1 0.22734375 0.796875 0.0796875 0.146875
1 0.7359375 0.71484375 0.1359375 0.140625
1 0.146875 0.7515625 0.0890625 0.0578125
1 0.68828125 0.64296875 0.04375 0.0421875
1 0.58046875 0.18046875 0.1109375 0.0875
1 0.08671875 0.67109375 0.1734375 0.2046875