1 0.95625 0.61171875 0.078125 0.08125
1 0.8265625 0.58515625 0.0671875 0.0546875
1 0.6265625 0.7078125 0.075 0.046875
1 0.82890625 0.5359375 0.0390625 0.0390625
1 0.21015625 0.68359375 0.0515625 0.059375
1 0.14140625 0.61328125 0.0703125 0.0546875
1 0.92421875 0.22421875 0.0765625 0.0546875
1 0.878125 0.5 0.0453125 0.04375
1 0.59453125 0.1203125 0.0953125 0.1046875
1 0.94375 0.45546875 0.0703125 0.04375
1 0.73046875 0.61953125 0.0734375 0.05
1 0.20625 0.76171875 0.0546875 0.046875
1 0.13125 0.740625 0.046875 0.040625
1 0.2328125 0.8015625 0.078125 0.146875
1 0.73984375 0.7109375 0.1328125 0.1390625
1 0.1515625 0.75703125 0.0890625 0.0578125
1 0.690625 0.63984375 0.04375 0.0421875
1 0.575 0.17890625 0.109375 0.0859375
1 0.0875 0.67890625 0.175 0.2015625