1 0.61015625 0.36953125 0.0140625 0.025
1 0.89375 0.4859375 0.0203125 0.0265625
1 0.240625 0.37734375 0.0171875 0.0296875
1 0.6234375 0.46484375 0.028125 0.01875
1 0.58984375 0.390625 0.015625 0.0234375
1 0.53046875 0.403125 0.0359375 0.0234375
1 0.7625 0.41796875 0.021875 0.021875
1 0.58359375 0.4109375 0.0140625 0.0203125
1 0.478125 0.4046875 0.01875 0.0203125
1 0.57109375 0.36953125 0.025 0.0328125
1 0.93359375 0.51875 0.0390625 0.0171875
1 0.515625 0.3671875 0.0296875 0.0296875
1 0.6859375 0.45625 0.0375 0.0203125
1 0.33984375 0.390625 0.0171875 0.0375
1 0.45703125 0.37265625 0.0234375 0.025
1 0.778125 0.45234375 0.0328125 0.0390625
1 0.3015625 0.36015625 0.0234375 0.0359375
1 0.371875 0.39140625 0.0234375 0.021875
1 0.9609375 0.35 0.0328125 0.040625
1 0.646875 0.39609375 0.0125 0.025
1 0.47265625 0.41015625 0.0296875 0.0234375
1 0.390625 0.36796875 0.0265625 0.0234375