1 0.575 0.34609375 0.01875 0.0265625
1 0.878125 0.39140625 0.0265625 0.0296875
1 0.21875 0.44375 0.0234375 0.0328125
1 0.61171875 0.4359375 0.03125 0.025
1 0.56015625 0.371875 0.0203125 0.0265625
1 0.50625 0.39921875 0.040625 0.03125
1 0.73515625 0.35703125 0.0265625 0.0265625
1 0.559375 0.39375 0.0171875 0.021875
1 0.45546875 0.41328125 0.0234375 0.0234375
1 0.5375 0.35625 0.0328125 0.0375
1 0.925 0.41328125 0.0421875 0.0265625
1 0.4828125 0.3671875 0.0359375 0.0359375
1 0.66953125 0.4125 0.040625 0.028125
1 0.31796875 0.43203125 0.025 0.040625
1 0.42734375 0.38671875 0.028125 0.0296875
1 0.75859375 0.3859375 0.0421875 0.046875
1 0.2734375 0.4125 0.03125 0.040625
1 0.34921875 0.42578125 0.028125 0.0265625
1 0.9109375 0.24296875 0.0421875 0.046875
1 0.6171875 0.36328125 0.01875 0.028125
1 0.4515625 0.41875 0.034375 0.0296875
1 0.36171875 0.3984375 0.03125 0.028125