1 0.62109375 0.37890625 0.015625 0.025
1 0.89296875 0.5203125 0.021875 0.0265625
1 0.25234375 0.3546875 0.01875 0.0296875
1 0.6265625 0.47578125 0.0296875 0.0203125
1 0.5984375 0.3984375 0.0171875 0.0234375
1 0.53828125 0.40625 0.0359375 0.0265625
1 0.76875 0.44140625 0.021875 0.021875
1 0.59140625 0.41875 0.0140625 0.0203125
1 0.48671875 0.403125 0.0203125 0.0203125
1 0.58203125 0.3765625 0.0265625 0.034375
1 0.9296875 0.55703125 0.0390625 0.0203125
1 0.52734375 0.36875 0.03125 0.03125
1 0.6890625 0.47265625 0.0390625 0.021875
1 0.35 0.3765625 0.01875 0.0390625
1 0.46875 0.36953125 0.025 0.025
1 0.78125 0.4765625 0.0359375 0.040625
1 0.3140625 0.34375 0.0265625 0.0359375
1 0.38125 0.38046875 0.025 0.0234375
1 0.971875 0.390625 0.0359375 0.0421875
1 0.65546875 0.409375 0.0140625 0.0265625
1 0.48046875 0.4078125 0.0296875 0.025
1 0.40234375 0.359375 0.0265625 0.025