1 0.3625 0.23359375 0.0625 0.078125
1 0.59765625 0.6578125 0.0625 0.0734375
1 0.578125 0.2625 0.0453125 0.0578125
1 0.890625 0.42890625 0.0546875 0.071875
1 0.73046875 0.284375 0.05 0.0609375
1 0.43359375 0.46953125 0.0625 0.0765625
1 0.96328125 0.50703125 0.0453125 0.0609375
1 0.84296875 0.60703125 0.0453125 0.071875
1 0.83984375 0.6796875 0.053125 0.0640625
1 0.41953125 0.36484375 0.0515625 0.0640625
1 0.23984375 0.35546875 0.05625 0.06875
1 0.7703125 0.18984375 0.05625 0.078125
1 0.81640625 0.32421875 0.0515625 0.059375
1 0.06953125 0.40625 0.0515625 0.0578125
1 0.3515625 0.45 0.0453125 0.0640625
1 0.771875 0.65859375 0.0671875 0.084375
1 0.17578125 0.51171875 0.053125 0.046875
1 0.390625 0.58984375 0.053125 0.0546875
1 0.5171875 0.31015625 0.05625 0.059375
1 0.7515625 0.5671875 0.075 0.059375
1 0.6453125 0.42109375 0.0890625 0.096875
1 0.48046875 0.29296875 0.053125 0.0625
1 0.83515625 0.74921875 0.053125 0.059375
1 0.290625 0.43984375 0.034375 0.0546875
1 0.31640625 0.53984375 0.040625 0.0828125
1 0.6078125 0.525 0.0609375 0.065625
1 0.88671875 0.31484375 0.046875 0.0859375
1 0.41953125 0.1984375 0.028125 0.04375
1 0.51484375 0.5984375 0.0453125 0.0515625
1 0.93359375 0.703125 0.0625 0.0578125
1 0.51875 0.63828125 0.053125 0.053125
1 0.35546875 0.5484375 0.0515625 0.0640625
1 0.40703125 0.6453125 0.0890625 0.084375
1 0.984375 0.27578125 0.03125 0.0546875
1 0.9421875 0.73203125 0.040625 0.0546875
1 0.08984375 0.41875 0.05 0.05