1 0.353125 0.2390625 0.0609375 0.078125
1 0.603125 0.6546875 0.059375 0.071875
1 0.5703125 0.26015625 0.04375 0.05625
1 0.8875 0.415625 0.053125 0.071875
1 0.72265625 0.2765625 0.0484375 0.059375
1 0.4328125 0.471875 0.0609375 0.075
1 0.96328125 0.490625 0.04375 0.0609375
1 0.84609375 0.5953125 0.04375 0.071875
1 0.84609375 0.66796875 0.0515625 0.0625
1 0.41484375 0.36796875 0.05 0.0640625
1 0.23515625 0.36484375 0.0546875 0.0671875
1 0.759375 0.18046875 0.053125 0.0765625
1 0.81015625 0.31328125 0.05 0.0578125
1 0.06640625 0.42109375 0.0515625 0.0578125
1 0.35 0.45546875 0.04375 0.0625
1 0.77734375 0.64921875 0.0640625 0.084375
1 0.1765625 0.5234375 0.0515625 0.0453125
1 0.39375 0.59296875 0.053125 0.0546875
1 0.5109375 0.31015625 0.0546875 0.0578125
1 0.753125 0.55859375 0.0734375 0.0578125
1 0.6421875 0.41640625 0.0875 0.09375
1 0.4734375 0.29375 0.0515625 0.0609375
1 0.84296875 0.7375 0.0515625 0.0578125
1 0.28828125 0.446875 0.0328125 0.0546875
1 0.31796875 0.54609375 0.0390625 0.08125
1 0.60859375 0.521875 0.059375 0.0640625
1 0.88046875 0.3015625 0.04375 0.0859375
1 0.409375 0.2015625 0.0265625 0.04375
1 0.51796875 0.5984375 0.04375 0.05
1 0.93984375 0.6875 0.0609375 0.05625
1 0.5234375 0.6375 0.0515625 0.053125
1 0.3578125 0.55390625 0.05 0.0640625
1 0.41171875 0.6484375 0.0875 0.0828125
1 0.98125 0.25859375 0.0375 0.0546875
1 0.95 0.71640625 0.0390625 0.0546875
1 0.08671875 0.4328125 0.0484375 0.0484375