1 0.2984375 0.278125 0.0484375 0.0703125
1 0.63515625 0.62734375 0.0484375 0.065625
1 0.5140625 0.25078125 0.034375 0.0515625
1 0.85859375 0.33046875 0.040625 0.065625
1 0.66640625 0.23203125 0.0390625 0.053125
1 0.428125 0.48828125 0.0484375 0.06875
1 0.95 0.38671875 0.034375 0.0546875
1 0.85859375 0.51484375 0.03125 0.0671875
1 0.875 0.5859375 0.0421875 0.05625
1 0.3875 0.390625 0.0390625 0.0578125
1 0.2109375 0.42734375 0.0453125 0.0609375
1 0.68125 0.13046875 0.040625 0.0703125
1 0.76015625 0.2484375 0.0421875 0.0515625
1 0.059375 0.52109375 0.0421875 0.05
1 0.34375 0.48984375 0.0328125 0.0578125
1 0.80390625 0.5828125 0.0515625 0.0765625
1 0.18984375 0.5953125 0.0453125 0.0375
1 0.41796875 0.61484375 0.0453125 0.046875
1 0.46796875 0.3125 0.046875 0.0515625
1 0.76015625 0.5 0.065625 0.046875
1 0.61953125 0.3859375 0.0734375 0.0828125
1 0.428125 0.30546875 0.0421875 0.0546875
1 0.88828125 0.65390625 0.0421875 0.0515625
1 0.28203125 0.49609375 0.025 0.0515625
1 0.3328125 0.5859375 0.0234375 0.0796875
1 0.6109375 0.496875 0.05 0.05625
1 0.82578125 0.22109375 0.0296875 0.08125
1 0.34453125 0.22890625 0.01875 0.040625
1 0.53984375 0.59140625 0.0359375 0.04375
1 0.97109375 0.58359375 0.053125 0.046875
1 0.55390625 0.62890625 0.04375 0.0453125
1 0.3734375 0.584375 0.0390625 0.0578125
1 0.44765625 0.6640625 0.0765625 0.0703125
1 0.91953125 0.15625 0.040625 0.046875
1 0.9859375 0.609375 0.028125 0.05
1 0.0828125 0.52734375 0.040625 0.040625