1 0.5953125 0.33359375 0.0375 0.071875
1 0.65390625 0.32890625 0.04375 0.06875
1 0.2 0.415625 0.08125 0.1078125
1 0.4609375 0.53984375 0.0953125 0.0875
1 0.53046875 0.3515625 0.034375 0.0515625
1 0.696875 0.32421875 0.0375 0.06875
1 0.74921875 0.35 0.071875 0.090625
1 0.30390625 0.54765625 0.0609375 0.09375
1 0.4453125 0.39375 0.08125 0.06875
1 0.0625 0.53828125 0.05 0.13125
1 0.259375 0.47890625 0.071875 0.08125
1 0.76015625 0.31640625 0.0359375 0.0625
1 0.834375 0.31640625 0.071875 0.084375
1 0.44453125 0.35703125 0.040625 0.0453125
1 0.215625 0.58671875 0.0515625 0.034375
1 0.35 0.528125 0.05625 0.071875
1 0.26640625 0.57265625 0.053125 0.0609375
1 0.94375 0.3109375 0.0328125 0.05625
1 0.43828125 0.4578125 0.0578125 0.065625
1 0.340625 0.4671875 0.0578125 0.05625
1 0.46015625 0.43671875 0.028125 0.028125
1 0.3703125 0.57265625 0.0453125 0.0546875
1 0.3921875 0.48515625 0.0734375 0.075