1 0.5890625 0.33046875 0.0359375 0.071875
1 0.6484375 0.32421875 0.0421875 0.0671875
1 0.19765625 0.42578125 0.078125 0.10625
1 0.4625 0.540625 0.0921875 0.084375
1 0.525 0.35 0.0328125 0.05
1 0.690625 0.3171875 0.034375 0.06875
1 0.74375 0.34140625 0.0703125 0.0890625
1 0.30546875 0.55390625 0.0578125 0.0921875
1 0.4421875 0.3953125 0.0796875 0.065625
1 0.0640625 0.553125 0.0453125 0.1296875
1 0.25859375 0.4875 0.06875 0.0796875
1 0.75390625 0.3078125 0.0328125 0.0625
1 0.82734375 0.3046875 0.0703125 0.0828125
1 0.4390625 0.359375 0.0390625 0.0453125
1 0.21875 0.596875 0.05 0.0328125
1 0.3515625 0.5328125 0.0546875 0.0703125
1 0.26953125 0.58125 0.0515625 0.059375
1 0.93671875 0.2953125 0.03125 0.0546875
1 0.43671875 0.46015625 0.05625 0.0640625
1 0.3390625 0.47265625 0.05625 0.0546875
1 0.4578125 0.43828125 0.0265625 0.0265625
1 0.3734375 0.57734375 0.04375 0.053125
1 0.3921875 0.48828125 0.0703125 0.0734375