1 0.69765625 0.3140625 0.0453125 0.05625
1 0.6359375 0.2265625 0.03125 0.0578125
1 0.9203125 0.3671875 0.053125 0.0734375
1 0.1421875 0.1859375 0.0296875 0.0484375
1 0.346875 0.271875 0.028125 0.0453125
1 0.76796875 0.33828125 0.028125 0.053125
1 0.67109375 0.134375 0.0421875 0.0421875
1 0.17109375 0.13359375 0.0453125 0.0515625
1 0.22890625 0.2546875 0.034375 0.05625
1 0.490625 0.16640625 0.0390625 0.0453125
1 0.34296875 0.13359375 0.0375 0.0390625
1 0.59375 0.19140625 0.03125 0.05
1 0.26328125 0.19921875 0.034375 0.04375
1 0.4046875 0.253125 0.028125 0.0421875
1 0.39375 0.19609375 0.0390625 0.05
1 0.33828125 0.2328125 0.0203125 0.04375
1 0.5515625 0.190625 0.0375 0.0515625
1 0.203125 0.23203125 0.034375 0.0578125
1 0.575 0.1328125 0.0359375 0.04375
1 0.31171875 0.221875 0.028125 0.053125
1 0.478125 0.1921875 0.040625 0.0515625
1 0.57578125 0.15078125 0.040625 0.05625
1 0.31953125 0.30078125 0.0265625 0.0421875
1 0.2859375 0.17734375 0.0296875 0.05
1 0.2328125 0.159375 0.01875 0.025