1 0.70078125 0.3171875 0.04375 0.05625
1 0.640625 0.22890625 0.03125 0.05625
1 0.92265625 0.375 0.0515625 0.071875
1 0.14765625 0.1796875 0.028125 0.0484375
1 0.35078125 0.26875 0.0265625 0.04375
1 0.77109375 0.34296875 0.028125 0.0515625
1 0.67734375 0.1375 0.040625 0.040625
1 0.178125 0.128125 0.0453125 0.05
1 0.2328125 0.25 0.034375 0.0546875
1 0.496875 0.16640625 0.0390625 0.04375
1 0.34921875 0.13046875 0.0375 0.0375
1 0.59921875 0.19296875 0.0296875 0.05
1 0.26875 0.1953125 0.0328125 0.04375
1 0.40859375 0.2515625 0.0265625 0.0421875
1 0.39921875 0.19453125 0.0375 0.05
1 0.34296875 0.2296875 0.0203125 0.04375
1 0.55703125 0.1921875 0.0375 0.05
1 0.2078125 0.2265625 0.034375 0.05625
1 0.58125 0.134375 0.0359375 0.0421875
1 0.3171875 0.21875 0.0265625 0.0515625
1 0.48359375 0.19140625 0.040625 0.0515625
1 0.58203125 0.15234375 0.0390625 0.05625
1 0.32265625 0.29765625 0.025 0.0421875
1 0.2921875 0.17421875 0.0296875 0.05
1 0.23828125 0.1546875 0.0171875 0.025