1 0.73671875 0.3671875 0.053125 0.0625
1 0.69765625 0.2671875 0.040625 0.0609375
1 0.940625 0.47265625 0.0640625 0.0796875
1 0.22890625 0.10859375 0.0359375 0.0515625
1 0.40625 0.24140625 0.034375 0.0484375
1 0.79921875 0.4078125 0.0359375 0.05625
1 0.7546875 0.18671875 0.0484375 0.0484375
1 0.26953125 0.065625 0.053125 0.0578125
1 0.29609375 0.19609375 0.04375 0.0609375
1 0.571875 0.17421875 0.046875 0.05
1 0.4359375 0.10625 0.04375 0.04375
1 0.665625 0.22265625 0.0390625 0.0546875
1 0.34296875 0.1515625 0.040625 0.0484375
1 0.4671875 0.2375 0.034375 0.0453125
1 0.4703125 0.1796875 0.046875 0.05625
1 0.4078125 0.2015625 0.028125 0.0453125
1 0.625 0.2125 0.0453125 0.05625
1 0.2765625 0.16796875 0.04375 0.0625
1 0.6609375 0.16171875 0.04375 0.0484375
1 0.38515625 0.18515625 0.0359375 0.05625
1 0.553125 0.19609375 0.0484375 0.0578125
1 0.65859375 0.1796875 0.0484375 0.0625
1 0.3734375 0.26328125 0.0328125 0.0453125
1 0.3703125 0.13515625 0.0375 0.0546875
1 0.32265625 0.1046875 0.021875 0.028125