1 0.3484375 0.16640625 0.0671875 0.0671875
1 0.22890625 0.2015625 0.0734375 0.071875
1 0.06015625 0.1875 0.06875 0.065625
1 0.88671875 0.14765625 0.0828125 0.071875
1 0.8546875 0.44609375 0.071875 0.0796875
1 0.6703125 0.271875 0.065625 0.0796875
1 0.76953125 0.453125 0.071875 0.0828125
1 0.61796875 0.15 0.05625 0.065625
1 0.07265625 0.42265625 0.065625 0.06875
1 0.4859375 0.53671875 0.0625 0.08125
1 0.7609375 0.09296875 0.0640625 0.0734375
1 0.67890625 0.5140625 0.075 0.0703125
1 0.803125 0.1171875 0.05625 0.065625
1 0.03125 0.171875 0.0625 0.05625
1 0.71875 0.06953125 0.0625 0.0546875
1 0.66875 0.40703125 0.059375 0.059375
1 0.6 0.10859375 0.0578125 0.071875
1 0.828125 0.37734375 0.071875 0.053125
1 0.115625 0.6578125 0.075 0.1
1 0.0390625 0.48828125 0.059375 0.0703125
1 0.41875 0.40859375 0.0359375 0.0484375
1 0.51015625 0.32109375 0.071875 0.075
1 0.5921875 0.2546875 0.065625 0.0546875
1 0.025 0.62421875 0.0375 0.08125
1 0.43515625 0.46328125 0.0703125 0.0671875
1 0.8234375 0.16875 0.0484375 0.065625
1 0.54140625 0.18359375 0.053125 0.0484375
1 0.94140625 0.32109375 0.075 0.0609375
1 0.8015625 0.0796875 0.0375 0.0515625
1 0.425 0.20078125 0.06875 0.065625
1 0.88046875 0.3 0.078125 0.071875
1 0.96015625 0.2296875 0.0390625 0.0515625
1 0.11875 0.45234375 0.0578125 0.0453125
1 0.159375 0.440625 0.03125 0.0625
1 0.54375 0.54921875 0.071875 0.0703125
1 0.52578125 0.2390625 0.0375 0.0625
1 0.28984375 0.5890625 0.059375 0.084375
1 0.27578125 0.25625 0.0328125 0.0625
1 0.41328125 0.575 0.0734375 0.0640625
1 0.34765625 0.4390625 0.0484375 0.06875
1 0.43125 0.56875 0.0578125 0.05
1 0.7671875 0.37578125 0.0640625 0.0671875
1 0.15625 0.53515625 0.0390625 0.0609375
1 0.01640625 0.50390625 0.0328125 0.0359375
1 0.14765625 0.24609375 0.0390625 0.0578125
1 0.23203125 0.253125 0.0546875 0.05
1 0.1765625 0.59921875 0.0375 0.0640625
1 0.02578125 0.25078125 0.0515625 0.0734375
1 0.325 0.596875 0.0390625 0.046875
1 0.16875 0.2875 0.0375 0.0515625
1 0.4890625 0.2515625 0.025 0.03125
1 0.253125 0.26875 0.0625 0.0609375
1 0.08359375 0.6265625 0.0734375 0.08125
1 0.25625 0.60625 0.040625 0.075
1 0.653125 0.3265625 0.05 0.046875
1 0.5859375 0.55390625 0.04375 0.05
1 0.40703125 0.30234375 0.04375 0.059375
1 0.1890625 0.5328125 0.0375 0.0546875
1 0.48125 0.475 0.040625 0.0421875
1 0.40078125 0.3390625 0.040625 0.0515625
1 0.309375 0.4828125 0.0546875 0.0734375
1 0.5125 0.25390625 0.03125 0.0421875
1 0.06484375 0.28515625 0.0546875 0.05
1 0.32265625 0.4234375 0.0359375 0.05
1 0.55625 0.45390625 0.0375 0.0578125
1 0.153125 0.6125 0.040625 0.04375
1 0.571875 0.4578125 0.05625 0.078125
1 0.24375 0.49375 0.0484375 0.046875
1 0.3375 0.36171875 0.0359375 0.05