1 0.45234375 0.13671875 0.0734375 0.0734375
1 0.328125 0.13515625 0.0796875 0.0796875
1 0.17109375 0.071875 0.075 0.0734375
1 0.9640625 0.27578125 0.071875 0.0796875
1 0.8546875 0.55234375 0.0796875 0.0859375
1 0.7296875 0.33125 0.0734375 0.084375
1 0.771875 0.53359375 0.0796875 0.0890625
1 0.71484375 0.2 0.0625 0.0703125
1 0.1140625 0.3015625 0.071875 0.075
1 0.47578125 0.53046875 0.0703125 0.0875
1 0.86875 0.18671875 0.071875 0.078125
1 0.6671875 0.565625 0.08125 0.078125
1 0.9015625 0.22265625 0.0625 0.0703125
1 0.14609375 0.04921875 0.0703125 0.0625
1 0.83515625 0.15234375 0.0671875 0.0609375
1 0.6890625 0.46015625 0.065625 0.065625
1 0.71015625 0.1546875 0.0640625 0.0765625
1 0.85 0.478125 0.0765625 0.059375
1 0.0859375 0.53828125 0.0859375 0.10625
1 0.06328125 0.3546875 0.065625 0.075
1 0.44921875 0.38828125 0.040625 0.0515625
1 0.56171875 0.33203125 0.078125 0.08125
1 0.66015625 0.2921875 0.0703125 0.0609375
1 0.01640625 0.4796875 0.0328125 0.084375
1 0.4484375 0.44609375 0.0765625 0.0734375
1 0.90546875 0.278125 0.0546875 0.06875
1 0.63203125 0.209375 0.0578125 0.0546875
1 0.96640625 0.4578125 0.0671875 0.06875
1 0.9109375 0.18671875 0.04375 0.0546875
1 0.515625 0.1921875 0.075 0.071875
1 0.921875 0.41953125 0.084375 0.0796875
1 0.14921875 0.34296875 0.0625 0.0515625
1 0.19140625 0.34375 0.0390625 0.065625
1 0.52734375 0.56015625 0.0796875 0.078125
1 0.60078125 0.2578125 0.04375 0.0640625
1 0.27265625 0.5234375 0.06875 0.0890625
1 0.35703125 0.20078125 0.040625 0.0640625
1 0.3953125 0.54609375 0.078125 0.0703125
1 0.37265625 0.396875 0.0546875 0.071875
1 0.4140625 0.54609375 0.0625 0.05625
1 0.7921875 0.459375 0.0703125 0.071875
1 0.1609375 0.4328125 0.0453125 0.0640625
1 0.03515625 0.36171875 0.0390625 0.0390625
1 0.2375 0.15390625 0.0453125 0.0609375
1 0.31640625 0.18515625 0.059375 0.0546875
1 0.1625 0.5 0.0453125 0.0671875
1 0.115625 0.121875 0.0671875 0.0796875
1 0.30390625 0.54140625 0.04375 0.05
1 0.2453125 0.2 0.0421875 0.0546875
1 0.5625 0.259375 0.028125 0.034375
1 0.33125 0.20703125 0.06875 0.0671875
1 0.06484375 0.49921875 0.08125 0.0875
1 0.2359375 0.5296875 0.05 0.078125
1 0.69765625 0.37890625 0.0546875 0.0515625
1 0.5671875 0.5765625 0.05 0.053125
1 0.46875 0.284375 0.0484375 0.0625
1 0.19296875 0.440625 0.04375 0.0578125
1 0.48984375 0.4703125 0.0453125 0.0453125
1 0.4515625 0.3171875 0.0453125 0.0546875
1 0.32265625 0.428125 0.0625 0.078125
1 0.58359375 0.26875 0.0359375 0.0453125
1 0.146875 0.1671875 0.059375 0.0546875
1 0.35234375 0.375 0.040625 0.053125
1 0.5671875 0.47265625 0.04375 0.0609375
1 0.13515625 0.50625 0.04375 0.046875
1 0.58046875 0.48046875 0.065625 0.0828125
1 0.25703125 0.41875 0.053125 0.0515625
1 0.38515625 0.3203125 0.040625 0.053125