1 0.378125 0.1546875 0.0625 0.0625
1 0.25625 0.17890625 0.0671875 0.065625
1 0.0890625 0.15 0.0640625 0.0609375
1 0.915625 0.1828125 0.078125 0.065625
1 0.8578125 0.47734375 0.065625 0.0734375
1 0.68984375 0.2875 0.059375 0.075
1 0.77265625 0.4765625 0.065625 0.078125
1 0.64765625 0.16171875 0.05 0.0625
1 0.08125 0.3859375 0.059375 0.0640625
1 0.4828125 0.53515625 0.05625 0.078125
1 0.7953125 0.1171875 0.059375 0.06875
1 0.67734375 0.5296875 0.06875 0.065625
1 0.83515625 0.1453125 0.0515625 0.0625
1 0.06015625 0.1328125 0.0609375 0.0515625
1 0.75546875 0.090625 0.059375 0.05
1 0.6765625 0.421875 0.05625 0.05625
1 0.63359375 0.11875 0.0515625 0.06875
1 0.8375 0.40625 0.06875 0.046875
1 0.103125 0.6234375 0.0671875 0.09375
1 0.0421875 0.4484375 0.053125 0.065625
1 0.42734375 0.4015625 0.03125 0.0453125
1 0.52578125 0.32265625 0.065625 0.06875
1 0.61328125 0.26328125 0.0609375 0.05
1 0.015625 0.58203125 0.03125 0.078125
1 0.43828125 0.4578125 0.065625 0.0625
1 0.85078125 0.1984375 0.04375 0.0625
1 0.56875 0.18828125 0.05 0.04375
1 0.95546875 0.36015625 0.071875 0.0546875
1 0.83671875 0.1078125 0.034375 0.05
1 0.4515625 0.1953125 0.0640625 0.059375
1 0.89609375 0.33359375 0.071875 0.065625
1 0.98203125 0.27109375 0.034375 0.05
1 0.12421875 0.41953125 0.0546875 0.040625
1 0.165625 0.4109375 0.0265625 0.0609375
1 0.5390625 0.553125 0.0671875 0.065625
1 0.5484375 0.2421875 0.03125 0.059375
1 0.2828125 0.5703125 0.053125 0.08125
1 0.29765625 0.2375 0.028125 0.059375
1 0.40703125 0.5671875 0.06875 0.0578125
1 0.35390625 0.42578125 0.0421875 0.065625
1 0.42578125 0.5625 0.053125 0.046875
1 0.77734375 0.39921875 0.059375 0.0625
1 0.1546875 0.5046875 0.034375 0.0578125
1 0.01640625 0.46171875 0.0328125 0.0328125
1 0.17109375 0.21640625 0.034375 0.0546875
1 0.2546875 0.23046875 0.05 0.0453125
1 0.16953125 0.5703125 0.0328125 0.0609375
1 0.0453125 0.21015625 0.0546875 0.06875
1 0.3171875 0.58125 0.0359375 0.04375
1 0.18828125 0.259375 0.034375 0.0484375
1 0.5109375 0.2515625 0.021875 0.0296875
1 0.27421875 0.2484375 0.059375 0.05625
1 0.07421875 0.58984375 0.0671875 0.075
1 0.24765625 0.584375 0.034375 0.071875
1 0.66796875 0.340625 0.046875 0.04375
1 0.58125 0.5609375 0.040625 0.046875
1 0.42421875 0.2953125 0.0375 0.05625
1 0.1875 0.50546875 0.034375 0.053125
1 0.48359375 0.4734375 0.0375 0.0390625
1 0.41484375 0.33125 0.0359375 0.0484375
1 0.31171875 0.46640625 0.05 0.06875
1 0.53359375 0.25625 0.028125 0.040625
1 0.08515625 0.24765625 0.05 0.0453125
1 0.3296875 0.40859375 0.03125 0.046875
1 0.56015625 0.459375 0.034375 0.0546875
1 0.14453125 0.58203125 0.0375 0.040625
1 0.575 0.4640625 0.05 0.0734375
1 0.2453125 0.47109375 0.04375 0.04375
1 0.35 0.3484375 0.03125 0.046875