1 0.47421875 0.24453125 0.053125 0.0484375
1 0.1578125 0.1890625 0.084375 0.053125
1 0.10703125 0.15390625 0.0796875 0.08125
1 0.45859375 0.17265625 0.0578125 0.05625
1 0.29375 0.41171875 0.05 0.040625
1 0.15078125 0.3703125 0.0625 0.065625
1 0.50703125 0.40703125 0.06875 0.0609375
1 0.03046875 0.5125 0.059375 0.0640625
1 0.28359375 0.44375 0.040625 0.04375
1 0.7265625 0.41171875 0.059375 0.06875
1 0.63671875 0.409375 0.0296875 0.0640625
1 0.1921875 0.45546875 0.04375 0.0421875
1 0.0765625 0.35703125 0.05 0.0453125
1 0.00546875 0.265625 0.0109375 0.0625
1 0.646875 0.025 0.05625 0.0484375
1 0.6984375 0.23671875 0.04375 0.0515625
1 0.48359375 0.278125 0.0515625 0.0578125
1 0.9 0.24765625 0.05 0.0515625
1 0.9328125 0.38984375 0.046875 0.065625
1 0.975 0.4578125 0.021875 0.028125
1 0.028125 0.1875 0.015625 0.0171875
1 0.04296875 0.7359375 0.0234375 0.0265625
1 0.45234375 0.796875 0.0453125 0.065625