1 0.22890625 0.17734375 0.109375 0.178125
1 0.51640625 0.1515625 0.1109375 0.1328125
1 0.053125 0.22109375 0.10625 0.1296875
1 0.33515625 0.259375 0.11875 0.115625
1 0.7765625 0.1875 0.1 0.14375
1 0.44609375 0.28828125 0.146875 0.2
1 0.65546875 0.55625 0.1390625 0.134375
1 0.86875 0.2265625 0.134375 0.121875
1 0.12421875 0.26796875 0.1015625 0.13125
1 0.175 0.34765625 0.1296875 0.1296875
1 0.91875 0.7359375 0.14375 0.14375
1 0.875 0.31171875 0.11875 0.146875
1 0.7109375 0.4578125 0.1375 0.140625
1 0.921875 0.11640625 0.0609375 0.096875
1 0.85546875 0.45859375 0.1390625 0.1359375
1 0.97578125 0.865625 0.0484375 0.13125
1 0.76796875 0.528125 0.078125 0.1203125
1 0.46328125 0.20078125 0.0453125 0.0421875