1 0.37734375 0.53125 0.10625 0.1625
1 0.57890625 0.55078125 0.1171875 0.1578125
1 0.93828125 0.5390625 0.115625 0.1515625
1 0.04765625 0.5640625 0.0953125 0.19375
1 0.19296875 0.5765625 0.109375 0.175
1 0.1921875 0.5 0.059375 0.1296875
1 0.42578125 0.63046875 0.09375 0.1125
1 0.77734375 0.5609375 0.121875 0.1578125
1 0.5828125 0.5 0.05625 0.1328125
1 0.8328125 0.5171875 0.1234375 0.140625
1 0.88046875 0.628125 0.075 0.1125
1 0.46640625 0.6 0.1046875 0.1203125
1 0.09921875 0.56953125 0.1 0.09375
1 0.6671875 0.56640625 0.1265625 0.121875
1 0.9890625 0.49765625 0.021875 0.0859375
1 0.84296875 0.59921875 0.059375 0.1140625
1 0.240625 0.55234375 0.0625 0.059375
1 0.5578125 0.63984375 0.0890625 0.065625
1 0.5015625 0.5453125 0.0625 0.0671875
1 0.95703125 0.615625 0.0859375 0.0875