1 0.29375 0.275 0.121875 0.146875
1 0.446875 0.43984375 0.1140625 0.134375
1 0.5296875 0.5140625 0.128125 0.1265625
1 0.91796875 0.75625 0.0890625 0.1234375
1 0.6203125 0.559375 0.1125 0.13125
1 0.87421875 0.44921875 0.115625 0.1328125
1 0.73046875 0.6359375 0.1171875 0.1375
1 0.51640625 0.6140625 0.1328125 0.1203125
1 0.73046875 0.76796875 0.1 0.1546875
1 0.67265625 0.603125 0.0859375 0.1015625
1 0.878125 0.7296875 0.0953125 0.115625
1 0.78984375 0.678125 0.10625 0.1140625
1 0.109375 0.38359375 0.0921875 0.153125