1 0.41171875 0.3171875 0.0796875 0.084375
1 0.8328125 0.2640625 0.1125 0.0796875
1 0.3359375 0.33671875 0.0546875 0.0921875
1 0.23203125 0.37421875 0.05 0.0734375
1 0.51484375 0.28203125 0.05625 0.09375
1 0.159375 0.3953125 0.05625 0.0859375
1 0.609375 0.24609375 0.0515625 0.1
1 0.6609375 0.3234375 0.0828125 0.0875
1 0.7546875 0.2953125 0.0796875 0.1125
1 0.5796875 0.31328125 0.0828125 0.1140625
1 0.70078125 0.24453125 0.0578125 0.0671875
1 0.6921875 0.28515625 0.1015625 0.0640625
1 0.63984375 0.2875 0.0578125 0.0625