1 0.43828125 0.25078125 0.0578125 0.0546875
1 0.11796875 0.2390625 0.0890625 0.0640625
1 0.0625 0.21171875 0.0875 0.0890625
1 0.41328125 0.18203125 0.0625 0.0625
1 0.28359375 0.44140625 0.0546875 0.0453125
1 0.1359375 0.4203125 0.0703125 0.071875
1 0.49375 0.40703125 0.075 0.06875
1 0.03671875 0.57734375 0.0671875 0.0703125
1 0.278125 0.47421875 0.0453125 0.046875
1 0.71171875 0.38125 0.065625 0.075
1 0.62265625 0.39140625 0.0375 0.065625
1 0.1890625 0.4984375 0.0484375 0.046875
1 0.0609375 0.4171875 0.0546875 0.05
1 0.57890625 0.01796875 0.0609375 0.0359375
1 0.66015625 0.21171875 0.05 0.05625
1 0.453125 0.28203125 0.0578125 0.0640625
1 0.8609375 0.19453125 0.05625 0.05625
1 0.91328125 0.33125 0.053125 0.0703125
1 0.9640625 0.3921875 0.025 0.0296875
1 0.08046875 0.796875 0.025 0.028125
1 0.49453125 0.80078125 0.0515625 0.0703125