0 0.13828125 0.14453125 0.115625 0.153125
0 0.4265625 0.103125 0.11875 0.1390625
0 0.05078125 0.25390625 0.1015625 0.1359375
0 0.25 0.2390625 0.125 0.121875
0 0.69609375 0.10859375 0.10625 0.140625
0 0.35859375 0.271875 0.1421875 0.1421875
0 0.77734375 0.16015625 0.1390625 0.125
0 0.08984375 0.33671875 0.1328125 0.1234375
0 0.5875 0.50703125 0.140625 0.1328125
0 0.79765625 0.2328125 0.128125 0.1515625
0 0.63359375 0.396875 0.1390625 0.13125
0 0.409375 0.19453125 0.071875 0.090625
0 0.78359375 0.3953125 0.1359375 0.121875