1 0.0625 0.7921875 0.0328125 0.0328125
1 0.690625 0.7265625 0.0296875 0.0484375
1 0.10546875 0.78671875 0.028125 0.0375
1 0.1890625 0.78359375 0.01875 0.025
1 0.87734375 0.7359375 0.0265625 0.03125
1 0.7578125 0.74375 0.0171875 0.0296875
1 0.82109375 0.74140625 0.025 0.03125
1 0.96875 0.72890625 0.0203125 0.03125
1 0.72265625 0.7453125 0.01875 0.0296875
1 0.46328125 0.76484375 0.01875 0.025
1 0.14921875 0.79765625 0.025 0.03125
1 0.64453125 0.75234375 0.0171875 0.034375
1 0.7875 0.7421875 0.015625 0.0265625
1 0.93984375 0.73125 0.0265625 0.028125
1 0.6625 0.75 0.01875 0.0375
1 0.42890625 0.77109375 0.028125 0.0296875
1 0.0875 0.79140625 0.0140625 0.034375
1 0.03828125 0.7953125 0.0125 0.0296875
1 0.89765625 0.7328125 0.01875 0.028125
1 0.48125 0.76171875 0.015625 0.0296875
1 0.16640625 0.7921875 0.0171875 0.03125
1 0.68359375 0.753125 0.0140625 0.0265625
1 0.19609375 0.71640625 0.0171875 0.025
1 0.3703125 0.771875 0.0234375 0.03125
1 0.25078125 0.71171875 0.028125 0.03125
1 0.3515625 0.703125 0.015625 0.0265625
1 0.3984375 0.7734375 0.015625 0.025
1 0.30625 0.70625 0.015625 0.0265625
1 0.2171875 0.71640625 0.015625 0.0234375
1 0.28125 0.70703125 0.01875 0.0296875
1 0.6109375 0.75390625 0.0171875 0.03125
1 0.23125 0.7125 0.0203125 0.028125
1 0.5015625 0.7625 0.0203125 0.0265625
1 0.52734375 0.76171875 0.0171875 0.028125
1 0.99609375 0.72734375 0.0078125 0.0265625