1 0.25234375 0.159375 0.096875 0.171875
1 0.540625 0.1546875 0.103125 0.128125
1 0.06640625 0.190625 0.1140625 0.125
1 0.353125 0.25078125 0.115625 0.1140625
1 0.88671875 0.253125 0.128125 0.1140625
1 0.7984375 0.20703125 0.0921875 0.1390625
1 0.14296875 0.24375 0.090625 0.1265625
1 0.65078125 0.56640625 0.13125 0.1234375
1 0.8875 0.33828125 0.1109375 0.1421875
1 0.46171875 0.28203125 0.1359375 0.196875
1 0.18671875 0.32109375 0.1234375 0.115625
1 0.90078125 0.76640625 0.1359375 0.1375
1 0.7125 0.46875 0.125 0.1265625
1 0.94765625 0.1453125 0.0546875 0.0953125
1 0.8578125 0.478125 0.1328125 0.121875
1 0.765625 0.54765625 0.0703125 0.115625
1 0.96484375 0.90078125 0.0703125 0.1234375