1 0.33671875 0.5625 0.0609375 0.0625
1 0.140625 0.5046875 0.053125 0.0546875
1 0.06484375 0.5796875 0.0375 0.053125
1 0.2109375 0.52578125 0.05 0.065625
1 0.009375 0.51953125 0.01875 0.0453125
1 0.1546875 0.559375 0.05625 0.0625
1 0.0375 0.5390625 0.0546875 0.05
1 0.27109375 0.4828125 0.0375 0.0484375
1 0.49453125 0.5359375 0.03125 0.0390625
1 0.2171875 0.13828125 0.0421875 0.0515625
1 0.1328125 0.5828125 0.0453125 0.0671875
1 0.3859375 0.50703125 0.034375 0.046875
1 0.43125 0.51953125 0.034375 0.0421875
1 0.06953125 0.5046875 0.05 0.053125
1 0.34609375 0.4890625 0.0171875 0.0234375
1 0.27578125 0.52265625 0.0390625 0.053125
1 0.05 0.49140625 0.04375 0.05
1 0.0890625 0.52109375 0.0484375 0.046875