1 0.3765625 0.096875 0.121875 0.18125
1 0.65078125 0.1859375 0.1203125 0.1390625
1 0.190625 0.0671875 0.128125 0.134375
1 0.4421875 0.2140625 0.125 0.1234375
1 0.8765625 0.3203125 0.109375 0.146875
1 0.5328125 0.284375 0.159375 0.2078125
1 0.62109375 0.6125 0.146875 0.1421875
1 0.9375 0.39140625 0.125 0.1296875
1 0.24453125 0.1390625 0.1109375 0.1359375
1 0.2609375 0.2328125 0.1375 0.1375
1 0.79296875 0.88046875 0.1515625 0.1515625
1 0.91875 0.4734375 0.128125 0.153125
1 0.71015625 0.54375 0.1453125 0.1484375
1 0.84375 0.60078125 0.146875 0.14375
1 0.828125 0.98359375 0.128125 0.0328125
1 0.7359375 0.63046875 0.0859375 0.1234375
1 0.58359375 0.21015625 0.0484375 0.0453125