0 0.20546875 0.0875 0.0953125 0.1421875
0 0.496875 0.09609375 0.1 0.1265625
0 0.0328125 0.12734375 0.065625 0.1171875
0 0.09609375 0.1796875 0.090625 0.125
0 0.29921875 0.19921875 0.1109375 0.1078125
0 0.7609375 0.14921875 0.0875 0.1296875
0 0.4 0.25078125 0.125 0.125
0 0.83203125 0.21328125 0.125 0.1078125
0 0.12421875 0.26796875 0.11875 0.10625
0 0.584375 0.52265625 0.1265625 0.115625
0 0.83984375 0.28828125 0.109375 0.1375
0 0.64921875 0.42109375 0.1234375 0.1140625
0 0.4640625 0.18359375 0.059375 0.0828125
0 0.79765625 0.44609375 0.1234375 0.1046875