1 0.2828125 0.46953125 0.146875 0.20625
1 0.09375 0.77421875 0.090625 0.10625
1 0.9640625 0.6328125 0.071875 0.109375
1 0.1640625 0.87734375 0.1 0.1328125
1 0.0890625 0.1828125 0.0875 0.1328125
1 0.684375 0.80625 0.075 0.1234375
1 0.58046875 0.6671875 0.1140625 0.0875
1 0.5140625 0.6734375 0.0546875 0.0890625
1 0.7234375 0.690625 0.1109375 0.1359375
1 0.25078125 0.95546875 0.0671875 0.0890625
1 0.3953125 0.14921875 0.0609375 0.0859375
1 0.9171875 0.7015625 0.121875 0.1421875
1 0.8015625 0.68359375 0.090625 0.1140625
1 0.75 0.74765625 0.1015625 0.1375
1 0.30390625 0.80234375 0.09375 0.1078125
1 0.321875 0.89296875 0.1046875 0.13125
1 0.59453125 0.7296875 0.0921875 0.1109375
1 0.8828125 0.65703125 0.0796875 0.09375
1 0.47265625 0.83984375 0.1359375 0.153125
1 0.05390625 0.27734375 0.1015625 0.0890625
1 0.2609375 0.8625 0.0625 0.0828125
1 0.33671875 0.865625 0.078125 0.090625
1 0.546875 0.64765625 0.0859375 0.0921875
1 0.70703125 0.6546875 0.0890625 0.1140625