1 0.12578125 0.8703125 0.0375 0.0375
1 0.73046875 0.6859375 0.0375 0.0515625
1 0.16796875 0.85703125 0.034375 0.040625
1 0.24921875 0.8375 0.021875 0.028125
1 0.915625 0.659375 0.03125 0.034375
1 0.79921875 0.68984375 0.021875 0.03125
1 0.8609375 0.67578125 0.03125 0.0359375
1 0.9953125 0.63515625 0.009375 0.0328125
1 0.76484375 0.6984375 0.0234375 0.03125
1 0.5140625 0.7671875 0.0234375 0.028125
1 0.2125 0.859375 0.0296875 0.034375
1 0.68984375 0.7203125 0.0234375 0.0359375
1 0.828125 0.6828125 0.0203125 0.028125
1 0.97578125 0.64375 0.0296875 0.03125
1 0.70703125 0.71484375 0.025 0.0390625
1 0.48203125 0.7796875 0.0328125 0.034375
1 0.15078125 0.86484375 0.0203125 0.034375
1 0.103125 0.878125 0.01875 0.03125
1 0.93515625 0.653125 0.0234375 0.03125
1 0.53203125 0.7609375 0.0203125 0.03125
1 0.228125 0.85 0.021875 0.0328125
1 0.72890625 0.7140625 0.01875 0.028125
1 0.24296875 0.7703125 0.021875 0.0265625
1 0.42421875 0.7921875 0.0296875 0.034375
1 0.29609375 0.75546875 0.0328125 0.034375
1 0.39296875 0.72734375 0.0203125 0.028125
1 0.45234375 0.7875 0.0203125 0.0265625
1 0.34921875 0.7390625 0.01875 0.028125
1 0.2640625 0.76640625 0.01875 0.025
1 0.325 0.7453125 0.0234375 0.0328125
1 0.65703125 0.728125 0.0234375 0.0328125
1 0.2765625 0.759375 0.025 0.03125
1 0.5515625 0.75703125 0.0234375 0.028125
1 0.57734375 0.7515625 0.021875 0.0296875