1 0.3265625 0.52109375 0.05 0.0515625
1 0.15 0.4171875 0.04375 0.0453125
1 0.05859375 0.471875 0.0265625 0.0484375
1 0.21328125 0.4546875 0.0375 0.0578125
1 0.0125 0.3984375 0.025 0.040625
1 0.15078125 0.47421875 0.0453125 0.053125
1 0.0421875 0.42578125 0.046875 0.040625
1 0.28203125 0.428125 0.028125 0.04375
1 0.4859375 0.53359375 0.025 0.034375
1 0.31328125 0.08046875 0.0328125 0.04375
1 0.1234375 0.49140625 0.03125 0.0625
1 0.3875 0.47890625 0.025 0.040625
1 0.42890625 0.50234375 0.0265625 0.0375
1 0.08125 0.40078125 0.040625 0.04375
1 0.353125 0.45234375 0.0125 0.0203125
1 0.2765625 0.46796875 0.028125 0.046875
1 0.065625 0.3828125 0.034375 0.04375
1 0.09609375 0.42109375 0.040625 0.0375