1 0.44296875 0.24921875 0.0578125 0.053125
1 0.12265625 0.2328125 0.0890625 0.0625
1 0.06796875 0.2046875 0.0859375 0.0875
1 0.41875 0.18046875 0.0625 0.0625
1 0.284375 0.4375 0.053125 0.0453125
1 0.1375 0.41328125 0.06875 0.071875
1 0.4953125 0.40703125 0.075 0.0671875
1 0.0359375 0.56953125 0.065625 0.06875
1 0.278125 0.4703125 0.0453125 0.046875
1 0.7140625 0.38515625 0.065625 0.0734375
1 0.62421875 0.39375 0.0359375 0.065625
1 0.1890625 0.49296875 0.0484375 0.046875
1 0.0625 0.409375 0.0546875 0.05
1 0.5875 0.01875 0.059375 0.0375
1 0.66484375 0.2140625 0.0484375 0.0546875
1 0.45703125 0.28125 0.0578125 0.0625
1 0.86640625 0.20078125 0.0546875 0.05625
1 0.91640625 0.33828125 0.053125 0.0703125
1 0.96640625 0.40078125 0.025 0.0296875
1 0.075 0.78984375 0.025 0.028125
1 0.4890625 0.80078125 0.0515625 0.06875