1 0.30703125 0.396875 0.11875 0.1953125
1 0.03125 0.61953125 0.0625 0.0984375
1 0.890625 0.78359375 0.05625 0.1046875
1 0.05546875 0.73984375 0.08125 0.125
1 0.221875 0.06171875 0.06875 0.1234375
1 0.56796875 0.85078125 0.05625 0.11875
1 0.51875 0.684375 0.10625 0.071875
1 0.45390625 0.66796875 0.0421875 0.0859375
1 0.64453125 0.75546875 0.0921875 0.125
1 0.109375 0.846875 0.053125 0.0921875
1 0.521875 0.13515625 0.0484375 0.08125
1 0.8234375 0.83203125 0.103125 0.1296875
1 0.7203125 0.77578125 0.075 0.10625
1 0.65 0.81796875 0.0828125 0.1296875
1 0.21171875 0.7171875 0.0796875 0.0984375
1 0.1984375 0.80859375 0.0875 0.121875
1 0.51015625 0.74765625 0.078125 0.1015625
1 0.80546875 0.778125 0.0671875 0.0859375
1 0.96328125 0.8234375 0.0265625 0.078125
1 0.35859375 0.81015625 0.1171875 0.1390625
1 0.15703125 0.13828125 0.0921875 0.0765625
1 0.15078125 0.75859375 0.0515625 0.078125
1 0.071875 0.09140625 0.08125 0.078125
1 0.221875 0.7875 0.065625 0.0828125
1 0.49375 0.6546875 0.075 0.0828125
1 0.6421875 0.71640625 0.0734375 0.1046875