1 0.2640625 0.15078125 0.0921875 0.16875
1 0.55234375 0.15625 0.1 0.125
1 0.078125 0.17578125 0.109375 0.1203125
1 0.3625 0.24609375 0.1109375 0.109375
1 0.8953125 0.26640625 0.1234375 0.1109375
1 0.80859375 0.21796875 0.0875 0.1359375
1 0.1515625 0.23125 0.0875 0.1234375
1 0.6484375 0.571875 0.128125 0.11875
1 0.89296875 0.3515625 0.10625 0.1390625
1 0.46875 0.28125 0.1296875 0.19375
1 0.19296875 0.31015625 0.1203125 0.1109375
1 0.890625 0.7796875 0.1328125 0.1328125
1 0.71328125 0.4765625 0.121875 0.1234375
1 0.959375 0.16171875 0.0515625 0.09375
1 0.85859375 0.490625 0.1296875 0.11875
1 0.76328125 0.55625 0.0671875 0.1140625
1 0.95859375 0.91796875 0.0828125 0.1203125