1 0.21171875 0.39765625 0.121875 0.146875
1 0.42421875 0.471875 0.1140625 0.134375
1 0.5328125 0.4984375 0.128125 0.1265625
1 0.97265625 0.52890625 0.0546875 0.1234375
1 0.634375 0.4953125 0.1125 0.13125
1 0.80625 0.2796875 0.115625 0.1328125
1 0.7671875 0.5125 0.1171875 0.1375
1 0.56796875 0.59296875 0.1328125 0.1203125
1 0.82890625 0.628125 0.1 0.1546875
1 0.70078125 0.51015625 0.0859375 0.1015625
1 0.9421875 0.525 0.0953125 0.115625
1 0.83984375 0.521875 0.10625 0.1140625
1 0.10078125 0.58046875 0.0921875 0.153125