1 0.32109375 0.37421875 0.1390625 0.2046875
1 0.028125 0.56015625 0.05625 0.1046875
1 0.853125 0.82890625 0.0671875 0.1078125
1 0.03828125 0.6828125 0.0765625 0.13125
1 0.27734375 0.0484375 0.0828125 0.096875
1 0.525 0.85703125 0.0703125 0.121875
1 0.49609375 0.68515625 0.1125 0.084375
1 0.43359375 0.6609375 0.0515625 0.0875
1 0.6125 0.771875 0.10625 0.1328125
1 0.0703125 0.796875 0.0640625 0.0953125
1 0.56640625 0.140625 0.05625 0.084375
1 0.78046875 0.86875 0.1171875 0.1390625
1 0.68515625 0.80078125 0.0859375 0.1125
1 0.61015625 0.834375 0.0953125 0.1359375
1 0.1875 0.68046875 0.0890625 0.10625
1 0.16328125 0.76953125 0.1 0.128125
1 0.48046875 0.74765625 0.0890625 0.1078125
1 0.76953125 0.8140625 0.0765625 0.0921875
1 0.9203125 0.87734375 0.0359375 0.0796875
1 0.321875 0.790625 0.13125 0.15
1 0.203125 0.09921875 0.0984375 0.084375
1 0.121875 0.7140625 0.059375 0.08125
1 0.125 0.0421875 0.0875 0.084375
1 0.18828125 0.7515625 0.0734375 0.0875
1 0.475 0.653125 0.0828125 0.0890625
1 0.6140625 0.73203125 0.084375 0.1109375