1 0.3734375 0.5046875 0.1328125 0.178125
1 0.56640625 0.56640625 0.1421875 0.175
1 0.9203125 0.6296875 0.1390625 0.16875
1 0.05390625 0.46875 0.1078125 0.20625
1 0.18359375 0.5109375 0.1375 0.190625
1 0.19921875 0.4359375 0.0796875 0.1359375
1 0.4 0.61171875 0.1109375 0.1265625
1 0.75859375 0.6171875 0.146875 0.1765625
1 0.58125 0.5171875 0.078125 0.1390625
1 0.82265625 0.5859375 0.1453125 0.159375
1 0.8453125 0.70390625 0.0921875 0.1234375
1 0.446875 0.590625 0.1234375 0.1359375
1 0.09375 0.484375 0.1140625 0.1078125
1 0.64921875 0.6 0.1453125 0.1421875
1 0.9796875 0.59921875 0.0359375 0.0875
1 0.81484375 0.66875 0.078125 0.121875
1 0.23515625 0.496875 0.0703125 0.06875
1 0.52734375 0.6484375 0.0984375 0.0796875
1 0.4921875 0.54453125 0.0734375 0.0765625
1 0.92421875 0.709375 0.103125 0.1015625