1 0.0671875 0.8 0.0328125 0.0328125
1 0.69453125 0.72265625 0.03125 0.0484375
1 0.1109375 0.79375 0.028125 0.0375
1 0.19453125 0.7890625 0.01875 0.025
1 0.88125 0.7296875 0.0265625 0.03125
1 0.76171875 0.7390625 0.0171875 0.0296875
1 0.825 0.7359375 0.0265625 0.0328125
1 0.97265625 0.7203125 0.0203125 0.03125
1 0.7265625 0.74140625 0.01875 0.0296875
1 0.4671875 0.765625 0.01875 0.025
1 0.15390625 0.80390625 0.0265625 0.03125
1 0.64921875 0.75 0.0171875 0.034375
1 0.79140625 0.7375 0.015625 0.0265625
1 0.94375 0.72421875 0.0265625 0.028125
1 0.66640625 0.74765625 0.0203125 0.0375
1 0.43359375 0.77265625 0.0296875 0.0296875
1 0.0921875 0.7984375 0.015625 0.034375
1 0.04375 0.803125 0.0140625 0.03125
1 0.9015625 0.72578125 0.01875 0.028125
1 0.4859375 0.7625 0.015625 0.0296875
1 0.171875 0.79765625 0.0171875 0.03125
1 0.68828125 0.75 0.0140625 0.0265625
1 0.2 0.721875 0.0171875 0.025
1 0.375 0.77421875 0.025 0.0328125
1 0.2546875 0.715625 0.028125 0.03125
1 0.3546875 0.70546875 0.015625 0.0265625
1 0.403125 0.775 0.015625 0.025
1 0.309375 0.709375 0.015625 0.0265625
1 0.22109375 0.72109375 0.015625 0.0234375
1 0.284375 0.7109375 0.0203125 0.0296875
1 0.615625 0.7515625 0.01875 0.03125
1 0.23515625 0.7171875 0.0203125 0.028125
1 0.50625 0.7625 0.0203125 0.0265625
1 0.53203125 0.76171875 0.0171875 0.028125
1 0.9984375 0.71796875 0.003125 0.0265625