1 0.425 0.31171875 0.084375 0.0890625
1 0.8484375 0.2875 0.115625 0.0859375
1 0.3484375 0.32578125 0.059375 0.09375
1 0.24140625 0.35625 0.0546875 0.075
1 0.53046875 0.28359375 0.0625 0.096875
1 0.1671875 0.371875 0.0625 0.0890625
1 0.6265625 0.2546875 0.0578125 0.1015625
1 0.6734375 0.33515625 0.0890625 0.0921875
1 0.76796875 0.3140625 0.0875 0.1171875
1 0.59296875 0.31953125 0.090625 0.11875
1 0.71875 0.259375 0.0609375 0.0703125
1 0.70625 0.29921875 0.1046875 0.0703125
1 0.6546875 0.29765625 0.0609375 0.065625