1 0.22421875 0.36796875 0.109375 0.140625
1 0.428125 0.4640625 0.1046875 0.1265625
1 0.5328125 0.5015625 0.1203125 0.11875
1 0.971875 0.58125 0.05625 0.11875
1 0.63359375 0.509375 0.103125 0.1234375
1 0.828125 0.3125 0.1046875 0.1265625
1 0.7640625 0.53984375 0.1078125 0.1296875
1 0.55859375 0.6 0.125 0.109375
1 0.8140625 0.66171875 0.0875 0.15
1 0.6984375 0.53125 0.078125 0.0953125
1 0.93671875 0.57109375 0.0875 0.109375
1 0.83515625 0.55703125 0.0984375 0.1078125
1 0.09453125 0.53828125 0.078125 0.15