1 0.2890625 0.13515625 0.0859375 0.165625
1 0.5765625 0.1609375 0.0953125 0.121875
1 0.1015625 0.146875 0.10625 0.1171875
1 0.38046875 0.23671875 0.1078125 0.10625
1 0.9109375 0.29453125 0.1203125 0.10625
1 0.82734375 0.23984375 0.0828125 0.1328125
1 0.17109375 0.2078125 0.0828125 0.1203125
1 0.64296875 0.58203125 0.1234375 0.115625
1 0.90234375 0.3796875 0.1015625 0.1359375
1 0.484375 0.2796875 0.1234375 0.1890625
1 0.20703125 0.2890625 0.1171875 0.1078125
1 0.8703125 0.80625 0.128125 0.128125
1 0.7140625 0.49140625 0.1171875 0.11875
1 0.97890625 0.19453125 0.0421875 0.0921875
1 0.85859375 0.515625 0.1265625 0.1140625
1 0.75859375 0.575 0.0625 0.1125
1 0.940625 0.9453125 0.103125 0.109375