1 0.3671875 0.34609375 0.084375 0.0890625
1 0.76015625 0.1859375 0.1171875 0.0875
1 0.29921875 0.384375 0.0609375 0.0953125
1 0.20859375 0.4484375 0.0546875 0.0765625
1 0.4578125 0.28515625 0.0640625 0.096875
1 0.14375 0.4875 0.0640625 0.0890625
1 0.53984375 0.2265625 0.059375 0.1015625
1 0.61015625 0.2875 0.0890625 0.09375
1 0.69296875 0.23671875 0.0890625 0.1171875
1 0.52890625 0.29921875 0.0921875 0.11875
1 0.628125 0.2015625 0.0625 0.0703125
1 0.6296875 0.24296875 0.10625 0.071875
1 0.58046875 0.2578125 0.0625 0.0671875