0 0.31328125 0.0515625 0.1078125 0.103125
0 0.59453125 0.10703125 0.1109375 0.134375
0 0.12265625 0.0421875 0.1078125 0.084375
0 0.1859375 0.09140625 0.1015625 0.1328125
0 0.37734375 0.159375 0.1203125 0.1171875
0 0.83828125 0.22265625 0.1 0.1375
0 0.46328125 0.234375 0.1359375 0.1359375
0 0.8921875 0.30234375 0.134375 0.11875
0 0.19140625 0.18359375 0.128125 0.1171875
0 0.5765625 0.5421875 0.1359375 0.1265625
0 0.88125 0.3765625 0.121875 0.1453125
0 0.6640625 0.46015625 0.1328125 0.125
0 0.54140625 0.184375 0.0671875 0.0875
0 0.8015625 0.51953125 0.13125 0.115625