1 0.375 0.5203125 0.115625 0.1671875
1 0.57421875 0.5578125 0.125 0.1625
1 0.9328125 0.57734375 0.1234375 0.15625
1 0.0484375 0.52421875 0.096875 0.1984375
1 0.1875 0.54921875 0.11875 0.1796875
1 0.19296875 0.4734375 0.065625 0.13125
1 0.41484375 0.6234375 0.0984375 0.1171875
1 0.77109375 0.584375 0.1296875 0.1640625
1 0.5828125 0.50703125 0.0640625 0.134375
1 0.83046875 0.54609375 0.1296875 0.146875
1 0.86796875 0.66015625 0.0796875 0.1171875
1 0.4578125 0.596875 0.1109375 0.125
1 0.0953125 0.534375 0.1046875 0.0984375
1 0.66015625 0.58125 0.1328125 0.128125
1 0.9875 0.53984375 0.025 0.0859375
1 0.83359375 0.62890625 0.0640625 0.1171875
1 0.2375 0.5296875 0.065625 0.0625
1 0.5453125 0.64453125 0.0921875 0.0703125
1 0.49765625 0.5453125 0.065625 0.0703125
1 0.94609375 0.65546875 0.09375 0.0921875