1 0.33203125 0.54765625 0.05625 0.059375
1 0.14140625 0.47265625 0.05 0.0515625
1 0.059375 0.54140625 0.034375 0.0515625
1 0.209375 0.5 0.0453125 0.0625
1 0.00859375 0.475 0.0171875 0.04375
1 0.15078125 0.52890625 0.053125 0.059375
1 0.0359375 0.4984375 0.0515625 0.046875
1 0.2734375 0.46328125 0.034375 0.046875
1 0.49140625 0.53515625 0.0296875 0.0375
1 0.25 0.11484375 0.0390625 0.0484375
1 0.1265625 0.55078125 0.040625 0.065625
1 0.3859375 0.496875 0.03125 0.0453125
1 0.43046875 0.51328125 0.0328125 0.040625
1 0.07109375 0.4671875 0.046875 0.05
1 0.34765625 0.47578125 0.015625 0.021875
1 0.27421875 0.503125 0.0359375 0.0515625
1 0.05234375 0.45234375 0.040625 0.0484375
1 0.0890625 0.48515625 0.0453125 0.04375