1 0.328125 0.115625 0.103125 0.175
1 0.61171875 0.16953125 0.1078125 0.13125
1 0.140625 0.10703125 0.1171875 0.1265625
1 0.4078125 0.2234375 0.115625 0.1125
1 0.8515625 0.27578125 0.0953125 0.140625
1 0.50625 0.28203125 0.140625 0.196875
1 0.63359375 0.596875 0.1359375 0.13125
1 0.9296875 0.3390625 0.13125 0.11875
1 0.20234375 0.17265625 0.0984375 0.128125
1 0.2296875 0.2640625 0.1265625 0.1265625
1 0.8375 0.8421875 0.140625 0.1390625
1 0.9125 0.42265625 0.1140625 0.1453125
1 0.7140625 0.51796875 0.1328125 0.1359375
1 0.990625 0.246875 0.01875 0.096875
1 0.853125 0.55859375 0.1359375 0.1328125
1 0.89140625 0.9640625 0.1171875 0.071875
1 0.75 0.60078125 0.0734375 0.11875
1 0.54765625 0.20234375 0.0453125 0.040625