1 0.58359375 0.66171875 0.1328125 0.0953125
1 0.196875 0.9671875 0.115625 0.065625
1 0.440625 0.7484375 0.0796875 0.09375
1 0.4984375 0.7125 0.109375 0.0984375
1 0.27265625 0.86796875 0.0703125 0.08125
1 0.11328125 0.98828125 0.0453125 0.0234375
1 0.790625 0.0671875 0.08125 0.1078125
1 0.39140625 0.3515625 0.128125 0.1359375
1 0.840625 0.08125 0.0671875 0.0953125
1 0.471875 0.2984375 0.053125 0.065625
1 0.1890625 0.51015625 0.053125 0.05625
1 0.1484375 0.5328125 0.06875 0.0765625
1 0.41953125 0.38359375 0.0875 0.0921875
1 0.31328125 0.41171875 0.1015625 0.1015625
1 0.50390625 0.2515625 0.0640625 0.0875
1 0.53046875 0.24140625 0.0578125 0.0765625
1 0.22109375 0.471875 0.059375 0.084375
1 0.66328125 0.146875 0.0578125 0.0734375
1 0.28046875 0.440625 0.046875 0.0546875
1 0.58125 0.21953125 0.0546875 0.0625
1 0.55 0.290625 0.0875 0.0875