1 0.5515625 0.675 0.121875 0.075
1 0.1078125 0.92734375 0.1 0.1015625
1 0.39453125 0.73203125 0.0640625 0.0828125
1 0.4578125 0.70859375 0.0953125 0.0828125
1 0.20625 0.81796875 0.0578125 0.071875
1 0.01875 0.946875 0.025 0.10625
1 0.86796875 0.13046875 0.0640625 0.0984375
1 0.421875 0.33359375 0.109375 0.11875
1 0.9140625 0.15390625 0.0515625 0.0890625
1 0.51015625 0.296875 0.04375 0.059375
1 0.19296875 0.45078125 0.0453125 0.0484375
1 0.1484375 0.465625 0.05625 0.06875
1 0.44296875 0.3703125 0.0734375 0.0796875
1 0.33359375 0.378125 0.0875 0.0859375
1 0.5515625 0.25703125 0.05 0.0796875
1 0.57890625 0.2515625 0.0453125 0.0703125
1 0.23125 0.41953125 0.0453125 0.078125
1 0.72734375 0.184375 0.0453125 0.065625
1 0.29609375 0.4 0.0390625 0.0484375
1 0.6328125 0.23984375 0.0453125 0.0546875
1 0.5890625 0.30390625 0.075 0.075