1 0.5265625 0.68046875 0.128125 0.0875
1 0.053125 0.86796875 0.10625 0.1109375
1 0.36328125 0.715625 0.0734375 0.0890625
1 0.42890625 0.70078125 0.103125 0.0921875
1 0.16484375 0.7734375 0.0640625 0.078125
1 0.915625 0.18515625 0.0734375 0.103125
1 0.44609375 0.32421875 0.1203125 0.128125
1 0.95859375 0.21484375 0.0609375 0.0921875
1 0.5390625 0.3 0.0484375 0.0640625
1 0.20234375 0.40859375 0.05 0.053125
1 0.15703125 0.4171875 0.0625 0.0734375
1 0.46171875 0.3640625 0.08125 0.0859375
1 0.35234375 0.35625 0.0953125 0.0953125
1 0.584375 0.26640625 0.0578125 0.084375
1 0.61328125 0.26484375 0.0515625 0.075
1 0.2453125 0.3828125 0.053125 0.0828125
1 0.76875 0.21875 0.0515625 0.0703125
1 0.31171875 0.371875 0.04375 0.053125
1 0.66796875 0.2609375 0.05 0.059375
1 0.61484375 0.31796875 0.08125 0.0828125