1 0.32265625 0.21953125 0.0265625 0.0484375
1 0.11953125 0.2125 0.0328125 0.0484375
1 0.390625 0.22109375 0.0296875 0.04375
1 0.6359375 0.22890625 0.021875 0.0359375
1 0.1609375 0.21328125 0.0234375 0.0453125
1 0.68203125 0.228125 0.025 0.0484375
1 0.60390625 0.22890625 0.025 0.0375
1 0.5015625 0.21796875 0.025 0.0484375
1 0.74609375 0.2359375 0.03125 0.0328125
1 0.4546875 0.2171875 0.0265625 0.0546875
1 0.79296875 0.23046875 0.0328125 0.0453125
1 0.278125 0.21953125 0.028125 0.046875
1 0.196875 0.2140625 0.0296875 0.04375
1 0.540625 0.221875 0.0265625 0.0453125
1 0.2359375 0.21796875 0.0265625 0.04375
1 0.07421875 0.2140625 0.021875 0.04375
1 0.82421875 0.22734375 0.0265625 0.05