1 0.2765625 0.2546875 0.03125 0.05
1 0.075 0.2828125 0.0375 0.0515625
1 0.34375 0.24453125 0.034375 0.0453125
1 0.58671875 0.209375 0.025 0.0375
1 0.115625 0.2765625 0.028125 0.0484375
1 0.63203125 0.20078125 0.0296875 0.05
1 0.55546875 0.215625 0.0296875 0.0390625
1 0.45234375 0.221875 0.0296875 0.0515625
1 0.69609375 0.196875 0.034375 0.034375
1 0.40625 0.22890625 0.03125 0.05625
1 0.7421875 0.18359375 0.0375 0.0484375
1 0.2328125 0.2625 0.03125 0.05
1 0.1515625 0.27109375 0.034375 0.0453125
1 0.4921875 0.21875 0.03125 0.046875
1 0.19140625 0.26796875 0.03125 0.046875
1 0.03125 0.2921875 0.0265625 0.046875
1 0.77265625 0.175 0.03125 0.0515625