1 0.82109375 0.6328125 0.0171875 0.0234375
1 0.14609375 0.54921875 0.0171875 0.025
1 0.10703125 0.5453125 0.015625 0.0234375
1 0.0671875 0.53984375 0.0171875 0.0265625
1 0.7875 0.63359375 0.0140625 0.0203125
1 0.17578125 0.553125 0.015625 0.025
1 0.84296875 0.63828125 0.0140625 0.021875
1 0.8609375 0.64296875 0.0203125 0.0234375
1 0.2203125 0.5609375 0.0125 0.0203125
1 0.1984375 0.559375 0.021875 0.021875
1 0.2578125 0.5625 0.0171875 0.0265625
1 0.66328125 0.61484375 0.015625 0.025
1 0.753125 0.62734375 0.0171875 0.021875
1 0.90625 0.64765625 0.01875 0.0234375
1 0.640625 0.61171875 0.0140625 0.021875
1 0.71328125 0.61875 0.0140625 0.025
1 0.2375 0.5640625 0.0125 0.0171875
1 0.7359375 0.625 0.0140625 0.0203125
1 0.68671875 0.61796875 0.0140625 0.021875
1 0.40390625 0.58125 0.0140625 0.025
1 0.6015625 0.60859375 0.0203125 0.0203125
1 0.621875 0.6109375 0.015625 0.021875
1 0.58046875 0.6046875 0.0140625 0.0203125
1 0.384375 0.5796875 0.015625 0.0234375
1 0.8828125 0.65078125 0.015625 0.0140625