1 0.83671875 0.58671875 0.0140625 0.021875
1 0.15625 0.5984375 0.0140625 0.025
1 0.1171875 0.6 0.0140625 0.021875
1 0.0765625 0.59921875 0.015625 0.025
1 0.803125 0.5921875 0.0125 0.0203125
1 0.1859375 0.59765625 0.0140625 0.0234375
1 0.85859375 0.5890625 0.0125 0.0203125
1 0.87734375 0.59140625 0.01875 0.021875
1 0.23125 0.59921875 0.0109375 0.0203125
1 0.209375 0.60078125 0.0203125 0.0203125
1 0.26875 0.5953125 0.015625 0.025
1 0.67734375 0.590625 0.0140625 0.0234375
1 0.76796875 0.590625 0.015625 0.0203125
1 0.92265625 0.58984375 0.015625 0.021875
1 0.6546875 0.59140625 0.0125 0.0203125
1 0.728125 0.58828125 0.0125 0.025
1 0.2484375 0.6 0.0109375 0.0171875
1 0.75078125 0.590625 0.0125 0.01875
1 0.7015625 0.59140625 0.0125 0.0203125
1 0.41640625 0.59375 0.0109375 0.025
1 0.615625 0.59296875 0.01875 0.01875
1 0.6359375 0.59296875 0.0140625 0.0203125
1 0.59453125 0.5921875 0.0125 0.0203125
1 0.396875 0.59453125 0.0125 0.021875
1 0.9 0.59609375 0.015625 0.0125