1 0.846875 0.52109375 0.01875 0.025
1 0.18125 0.66171875 0.01875 0.0265625
1 0.14296875 0.67109375 0.0171875 0.0234375
1 0.103125 0.67890625 0.0203125 0.028125
1 0.815625 0.5328125 0.015625 0.021875
1 0.21015625 0.65546875 0.0171875 0.025
1 0.86875 0.51875 0.015625 0.021875
1 0.8875 0.5171875 0.021875 0.025
1 0.25546875 0.6484375 0.0140625 0.021875
1 0.234375 0.65390625 0.0234375 0.0234375
1 0.29140625 0.6375 0.0203125 0.0265625
1 0.69140625 0.55546875 0.0171875 0.025
1 0.78046875 0.5375 0.01875 0.021875
1 0.93203125 0.50703125 0.0203125 0.0234375
1 0.66953125 0.56015625 0.015625 0.021875
1 0.740625 0.54296875 0.0171875 0.0265625
1 0.271875 0.64609375 0.0140625 0.01875
1 0.76328125 0.54140625 0.015625 0.0203125
1 0.715625 0.55078125 0.015625 0.021875
1 0.4359375 0.6078125 0.015625 0.0265625
1 0.63125 0.56953125 0.021875 0.021875
1 0.6515625 0.565625 0.0171875 0.021875
1 0.61015625 0.57265625 0.015625 0.021875
1 0.4171875 0.6125 0.0171875 0.0234375
1 0.9109375 0.51796875 0.0171875 0.0140625